source_type,category,title,raw_content,source_url,published_at,updated_at,documents_id
universe_qna_common,유니버스_통행증_이슈,메일을 연동하거나 연동한 메일을 변경하려면 어떻게 해야 하나요?,"1. [ 유니버스 통행증 공식 홈페이지 ]에 로그인한 다음 기본 정보-메일 페이지에서 「메일 연동」을 누르면 연동할 수 있습니다.
제삼자 계정으로 유니버스 계정을 생성한 경우, 계정 보안 강화를 위해 메일을 연동하실 것을 권장합니다. 메일을 연동한 이후에는 동일한 페이지에서 연동한 메일을 변경할 수 있습니다.
2. 유니버스 산하 게임에 로그인한 다음 설정-계정을 통해 유저 센터에 방문해도 위의 작업을 수행할 수도 있습니다.
주의: 계정 보안을 위해 이메일을 연동한 이후에는 변경만 가능하며, 연동 해제는 불가능합니다.
현재 연동된 이메일을 사용할 수 없어서 연동을 변경할 수 없는 경우에는 이곳을 눌러 주세요( 유니버스 통행증 계정 문제 신청서 ).
기타 문의 사항은 고객 센터로 연락해 주세요.",https://account.universe.example,,,QNA-COM-1
universe_qna_common,유니버스_통행증_이슈,Microsoft 계정을 어떻게 연결 해제해야 하나요? 잘못된 Microsoft 계정을 연결했는데 어떻게 해야 하나요?,"Microsoft Account 연동 해제 방법:
【유니버스 통행증 공식 웹사이트】 에 로그인하여 연동 계정에서 Microsoft Account(Xbox Live)를 해제할 수 있습니다.

Xbox에서 처음 유니버스 게임에 진입할 때, 연동 팝업 창에서 연동한 후
게임에 로그인했더니 잘못된 유니버스 계정이 연동되어 있는 경우:
이런 경우, 계정 연동 시 다른 유니버스 계정을 잘못 연동했을 수 있습니다. 아래 내용을 참고하여 연동을 해제한 후 다시 연동하세요.
다시 연동할 때는 입력한 계정 정보가 정확한지 확인해 주시기 바랍니다.
1. 다른 기기에서 이메일과 비밀번호로 【유니버스 통행증 공식 웹사이트】 에 로그인합니다
2. 연동 계정에서 Microsoft Account(Xbox Live)를 해제합니다.
3. Xbox에서 유니버스 게임에 진입하여 연동 팝업 창에서 다시 연동합니다

Xbox에서 처음 유니버스 게임에 진입할 때, 연동 팝업 창이 나타난 후
게임에 로그인했더니 게임 진행도가 초기화된 경우:
이런 경우, Microsoft Account가 새로운 유니버스 계정에 자동으로 연동되었습니다.
새로운 유니버스 계정과 Microsoft Account의 연동을 해제하려면 아래 내용을 참고하세요:
1. Xbox에서 유니버스 게임에 로그인합니다
2. 설정-계정에서 유저 센터를 클릭
3. 알림에 따라 이메일을 연동하고 비밀번호를 설정합니다
4. 설정한 이메일과 비밀번호로 다른 기기에서 【유니버스 통행증 공식 웹사이트】 에 로그인합니다
5. 연동 계정에서 Microsoft Account(Xbox Live)를 해제합니다.
6. Xbox에서 유니버스 게임에 진입하여 연동 팝업 창에서 다시 연동합니다

직접 연동 해제가 불가능한 경우, 【고객센터】를 클릭하여 도움을 요청하세요

자세한 내용은 Microsoft Account와 유니버스 통행증 계정 연동 공지를 참조하세요.
일상: 【 https://support.universe.example/articles 】",https://account.universe.example,,,QNA-COM-2
universe_qna_common,유니버스_통행증_이슈,PSN 계정을 잘못 연동했어요. PSN 계정을 연동 해제하려면 어떻게 해야 하나요?,"PlayStation™Network 계정 연동 해제하기:
[ 유니버스 통행증 공식 홈페이지 ]에 로그인한 후 계정 연동 페이지로 이동하면 PlayStation™Network 계정의 연동을 해제할 수 있습니다.

PlayStation®에서 유니버스 산하 게임에 [기존 계정으로 로그인]으로 접속한 다음 잘못 연동된 유니버스 계정 연동 해제하기:
유니버스 계정을 잘못 연동했을 경우, 다음과 같은 절차를 밟으면 연동 해제 후 다시 연동할 수 있습니다.
연동 시 계정 정보가 올바른지 확인해 주세요.
1. 다른 디바이스를 사용해서 귀하의 메일과 비밀번호로 [ 유니버스 통행증 공식 홈페이지 ]에 로그인해 주세요.
2. 계정 연동 페이지에서 PlayStation™Network 계정의 연동을 해제해 주세요.
3. PlayStation®에서 유니버스 산하 게임에 입장해 [기존 계정으로 로그인]으로 접속한 다음 다시 연동해 주세요.

PlayStation®에서 유니버스 산하 게임에 접속할 때 [기존 계정으로 로그인]을 선택하지 않아서 게임 진행도가 초기화된 경우:
이때는 PlayStation™Network 계정이 자동으로 신규 유니버스 계정에 연동되었을 수 있습니다.
PlayStation™Network 계정과 신규 유니버스 계정의 연동을 해제하려면 다음 절차를 참고해 주세요.
1. PlayStation®에서 유니버스 산하 게임에 로그인해 주세요.
2. 설정-계정을 통해 유저 센터를 방문해 주세요.
3. 안내에 따라 귀하의 메일을 연동하고 비밀번호를 설정해 주세요.
4. 다른 디바이스를 통해 위에서 설정한 메일과 비밀번호를 사용해서 [ 유니버스 통행증 공식 홈페이지 ]에 로그인해 주세요.
5. 계정 연동 페이지에서 PlayStation™Network 계정의 연동을 해제해 주세요.
6. PlayStation®에서 유니버스 산하 게임에 입장해 [기존 계정으로 로그인]을 선택해 주세요.

연동을 해제할 수 없는 경우, [고객센터]에 문의하면 도움을 받으실 수 있습니다.
자세한 사항은 PlayStation™Network와 유니버스 통행증 계정 크로스 세이브 관련 공지를 참고해 주세요.
일상: https://support.universe.example/articles",https://account.universe.example,,,QNA-COM-3
universe_qna_common,유니버스_통행증_이슈,비밀번호를 잃어버렸으면 어떻게 해야 하나요?,"1. [유니버스 통행증 공식 홈페이지]의 로그인 화면에서 「 비밀번호 찾기 」를 선택하면 비밀번호를 새로 설정할 수 있습니다.
2. 비밀번호를 새로 설정할 수 없는 경우, 고객센터에 연락해 도움을 받으시는 것을 추천합니다.",https://account.universe.example,,,QNA-COM-4
universe_qna_common,유니버스_통행증_이슈,계정에 로그인할 때 오류가 뜨는데 어떻게 해야 하나요?,"계정에 로그인하거나 계정 정보를 수정할 때 「요청이 너무 빈번합니다. 잠시 후 다시 시도해 주세요」라고 뜨는 경우:
오류 알림에 따라 일정 시간 후 다시 시도해 주세요.

계정에 로그인하거나 계정 정보를 수정할 때 「요청 실패, 현재 네트워크 환경이 위험합니다」라고 뜨는 경우:
오류 알림에 따라 네트워크 환경을 조정한 다음 다시 시도해 주세요.

계정에 로그인하거나 계정 정보를 수정할 때 「위험할 수 있는 조작입니다. 이메일을 통해 본인 인증을 해주세요」라고 뜨는 경우:
오류 알림에 따라 연동된 메일에서 관련 메일을 확인해 주세요.

위와 같은 방법으로도 문제가 해결되지 않을 경우, [고객센터]에 연락해 어떤 방법을 시도해 봤는지 알려주시면 도움을 받을 수 있습니다.",https://account.universe.example,,,QNA-COM-5
universe_qna_common,유니버스_통행증_이슈,계정 비밀번호는 어떻게 변경하나요?,"1. [ 유니버스 통행증 공식 홈페이지 ]에 로그인한 다음, 비밀번호와 보안-비밀번호 페이지로 이동하면 비밀번호를 변경할 수 있습니다.
2. 유니버스 산하 게임에 로그인한 다음, 설정-계정을 통해 유저 센터에 방문해서 비밀번호를 변경할 수도 있습니다.",https://account.universe.example,,,QNA-COM-6
universe_qna_common,유니버스_통행증_이슈,Xbox에서 〈일상〉을 실행하면 「문제가 발생했습니다」라는 알림이 뜨는데 어떻게 해야 하나요?,Xbox 디바이스를 재부팅한 후 다시 시도해 주세요. 해당 문제가 지속될 경우 〈일상〉 고객센터로 문의해 주시기 바랍니다: support@universe.example.,https://account.universe.example,,,QNA-COM-7
universe_qna_common,유니버스_통행증_이슈,게임 UID와 유니버스 통행증 ID는 무슨 관련이 있나요? 서로 같은 건가요?,"통행증 ID와 UID는 ID의 유형이 다릅니다.
통행증 ID는 귀하의 유니버스 계정 ID이고, UID는 각 유니버스 산하 게임에 쓰이는 ID입니다.
통행증 ID 하나에는 여러 UID가 포함될 수 있습니다.",https://account.universe.example,,,QNA-COM-8
universe_qna_common,유니버스_통행증_이슈,현재 서버의 게임 계정을 다른 서버로 옮겨 주실 수 있나요?,죄송합니다. 해당 서비스는 현재 지원되지 않습니다. 유니버스 산하 게임의 공지를 확인해 주시기 바랍니다.,https://account.universe.example,,,QNA-COM-9
universe_qna_common,유니버스_통행증_이슈,아이디가 뭔가요? 유니버스 아이디를 변경할 수도 있나요?,"아이디는 유니버스 계정의 인증 수단으로, 게임이나 유니버스 계정에 로그인할 때 비밀번호와 함께 사용됩니다.
아이디 설정은 다음과 같은 방법으로 진행할 수 있습니다.
1. [ 유니버스 통행증 공식 홈페이지 ]에 로그인한 후, 기본 정보-아이디에서 「아이디 설정」을 누르면 설정할 수 있습니다.
2. 유니버스 산하 게임에 로그인한 다음 설정-계정을 통해 유저 센터에 방문하면 위와 같은 방법으로 설정할 수 있습니다.
주의: 계정 보안을 위해, 아이디를 연동한 이후에는 변경 및 연동 해제가 불가능합니다.",https://account.universe.example,,,QNA-COM-10
universe_qna_common,유니버스_통행증_이슈,"새로운 디바이스에서 Google이나 Apple 계정으로 유니버스 계정에 로그인할 수 없는데, 어떻게 해야 하나요?","유니버스 계정이 Google Play나 Apple 계정에만 연동된 상태에서는 새로운 휴대폰으로 교체 후 게임에 로그인할 수 없는 문제가 발생할 수 있습니다.
귀하의 상황에 따라 다음의 방법을 시도해 볼 수 있습니다.""

기존 디바이스를 그대로 보유 중이고, 게임에 로그인할 수 있는 경우:
게임 내에서 설정-계정을 통해 유저 센터에 방문해서 안내에 따라 계정에 메일을 연동하고 비밀번호를 설정한 다음, 새로운 디바이스에서 메일 주소와 비밀번호를 입력하면 게임에 로그인할 수 있습니다.
※ 유저 센터에 기존에 연동된 메일이 표시되면 해당 메일로 로그인하거나 비밀번호를 재설정할 수 있습니다.

기존 디바이스를 잃어버렸거나 게임에 로그인할 수 없는 경우:
[ 유니버스 통행증 공식 홈페이지 ]에서 Google이나 Apple 계정으로 로그인한 다음, 기본 정보-메일 페이지에서 「메일 연동」을 누르면 메일을 연동하고 비밀번호를 설정할 수 있습니다.
※ 유니버스 통행증 공식 홈페이지에 기존에 연동된 메일이 표시되면 해당 메일로 로그인하거나 비밀번호를 재설정할 수 있습니다.",https://account.universe.example,,,QNA-COM-11
universe_qna_common,유니버스_통행증_이슈,계정에 로그인하고 보니 게임 진행도가 초기화됐는데 어떻게 해야 하나요?,"로그인한 서버가 올바른지 확인하기:
유니버스 산하 게임의 로그인 화면에서 올바른 서버가 선택됐는지 확인해 주세요.
PlayStation®에서 유니버스 산하 게임에 입장하면 귀하의 PlayStation™Network 계정 지역 설정에 따라 다른 서버에 로그인될 수도 있습니다.
자세한 사항은 PlayStation™Network와 유니버스 통행증 계정 크로스 세이브 관련 공지를 참고해 주세요.
일상: https://support.universe.example/articles

로그인한 계정이 올바른지 확인하기:
현재 유니버스 산하 게임에서 지원되는 로그인 방식은 이메일 주소, 아이디, Google, X(Twitter), Facebook, Apple ID, GameCenter, PlayStation™Network 등입니다.
Gmail 계정, Google, Apple ID와 GameCenter는 로그인 방식이 서로 다르니 유의해 주세요.
[ 유니버스 통행증 공식 홈페이지 ]에 로그인하거나 유니버스 산하 게임 내에서 설정-계정을 통해 유저 센터에 방문하면 계정 연동 상태를 확인할 수 있습니다.
정확한 메일 주소, 아이디, 제삼자 계정과 연동되어 있는지 확인한 다음, 정확한 정보를 사용해서 로그인해 주세요.",https://account.universe.example,,,QNA-COM-12
universe_qna_common,유니버스_통행증_이슈,유니버스 통행증 계정은 어떻게 가입하나요?,"1. [ 유니버스 통행증 공식 홈페이지 ]의 로그인 화면에서 「회원가입」을 누르면 가입할 수 있습니다.
2. 유니버스 산하 게임의 로그인 화면에서 「회원가입」을 눌러서 가입하는 방법도 있습니다.",https://account.universe.example,,,QNA-COM-13
universe_qna_common,유니버스_통행증_이슈,유니버스 계정을 삭제하는 방법은?,"모든 삭제 프로세스를 완료하면 귀하의 유니버스 통행증(계정 내 개인 데이터 및 해당 계정으로 유니버스 제품을 플레이하며 생성된 데이터 포함, 이하 「계정」)이 영구적으로 삭제되어 복구할 수 없게 되오니 신중히 진행해 주세요.

게임이나 애플리케이션의 데이터는 단독으로 삭제할 수 없습니다. 게임 계정을 삭제할 경우 해당 계정과 연동된 모든 게임 및 애플리케이션이 생성한 데이터도 삭제됩니다.

계정을 삭제하려면 다음 절차를 따라 해 주세요.
1. [ 유니버스 통행증 공식 홈페이지 ]에 로그인해 주세요.
2. 좌측의 「개인 정보」를 눌러 주세요.
3. 우측 하단의 「계정 삭제 요청」을 눌러 주세요.
4. 휴대폰/메일/제삼자 계정을 인증하고 삭제 확인을 해주세요.
5. 팝업창의 안내에 따라 「다음」을 선택해 주세요.

계정 삭제 신청 후 귀하의 계정은 30일 후(이하 「유예 기간」)에 영구적으로 삭제됩니다. 유예 기간 종료 전에 계정에 로그인하여 재활성화하면 계정의 삭제 신청이 취소됩니다. 유예 기간 내에 재활성화하지 않을 경우 기간 만료 후 계정이 자동 삭제되어 다시 복구할 수 없습니다.",https://account.universe.example,,,QNA-COM-14
universe_qna_common,유니버스_통행증_이슈,어째서 인증 메일이 오지 않는 건가요?,"유니버스의 인증 메일은 모두 support@universe.example 또는 support@universe.example 도메인으로 발송됩니다. 해당 도메인의 메일이 있는지 확인해 보세요. 혹은 다음과 같은 방법을 시도해 볼 수도 있습니다.
1. 스팸 메일로 분류된 것은 아닌지 확인해 주세요.
2. 해당 도메인이 차단된 것이 아닌지 확인해 보거나, 직접 해당 도메인을 메일의 화이트리스트에 추가해 주세요.
3. 해당 도메인이 도메인 공급업체에 의해 차단된 것이 아닌지 확인해 주세요.
위 방법으로도 문제가 해결되지 않을 경우, [ 이곳을 눌러 ] 연동된 이메일을 변경해 주세요.
기타 문의 사항은 [고객센터]로 연락해 주세요.",https://account.universe.example,,,QNA-COM-15
universe_qna_common,유니버스_통행증_이슈,유니버스와 소설 계정의 연동을 어떻게 해제하나요?,"Facebook이나 X(Twitter) 계정 연동 해제하기:
1. [ 유니버스 통행증 공식 홈페이지 ]의 계정 연동페이지로 이동하면 Facebook 또는 X(Twitter)의 연동을 해제할 수 있습니다.
2. 유니버스 산하 게임에 로그인한 다음 설정-계정을 통해 유저 센터를 방문하면 해당 계정의 연동을 해제할 수 있습니다.

Google, Apple, Game Center 계정 연동 해제하기:
iOS 또는 안드로이드 디바이스에서 유니버스 산하 게임에 로그인한 다음, 설정-계정을 통해 유저 센터를 방문하면 해당 계정의 연동을 해제할 수 있습니다.

이때 만약 SNS 계정만 연동한 상태라면, 계정 분실 방지를 위해 먼저 아이디/메일을 연동 후 비밀번호를 설정해야 SNS 계정 연동을 해제할 수 있습니다.

SNS 계정의 연동을 해제하면 더 이상 해당 SNS 계정으로 기존에 연동했던 유니버스 계정에 접속할 수 없습니다. 해당 SNS 계정으로 게임에 접속하면 새로운 계정이 생성되니 유의해 주세요.",https://account.universe.example,,,QNA-COM-16
universe_qna_common,유니버스_통행증_이슈,PlayStation™ Network 계정을 유니버스 계정과 연동할 수 있나요?,"PC/모바일 디바이스의 기존 유니버스 계정과 PlayStation™Network 계정 연동하기:
PlayStation® 디바이스에서 유니버스 산하 게임에 처음 입장할 때 [기존 계정으로 로그인]을 선택한 다음, 알림 메시지를 따라 하면 유니버스 통행증과 사용 중인 PlayStation™Network 계정을 연동할 수 있습니다.

PlayStation®에서 유니버스 산하 게임의 PlayStation® 버전을 플레이한 적이 있는 경우:
PlayStation®에서 유니버스 산하 게임에 처음 입장할 때 자동으로 PlayStation™Network 계정과 유니버스 계정이 연동되므로 다시 연동할 필요가 없습니다.
다른 디바이스에서 해당 계정으로 플레이하려면 다음 절차를 참고해 주세요.
1. PlayStation®에서 유니버스 산하 게임에 로그인해 주세요.
2. 설정-계정을 통해 유저 센터를 방문해 주세요.
3. 안내에 따라 귀하의 메일을 연동하고 비밀번호를 설정해 주세요.
4. 다른 디바이스를 통해 위에서 설정한 메일과 비밀번호를 사용해서 유니버스 통행증에 로그인해 주세요.
※ 유저 센터에 기존에 연동된 메일이 표시되는 경우에는 해당 메일로 로그인하거나 비밀번호를 재설정할 수 있습니다.

자세한 사항은 PlayStation™Network와 유니버스 통행증 계정 크로스 세이브 관련 공지를 참고해 주세요.
일상： https://support.universe.example/articles",https://account.universe.example,,,QNA-COM-17
universe_qna_common,유니버스_통행증_이슈,휴대폰 번호를 연동하거나 연동된 휴대폰 번호를 변경하려면 어떻게 해야 하나요?,"1. [ 유니버스 통행증 공식 홈페이지 ]에 로그인한 다음 기본 정보-휴대폰 번호 페이지에서 「연동」을 누르면 휴대폰 번호를 연동할 수 있습니다. 휴대폰 번호를 연동하고 나면 동일한 페이지에서 연동된 휴대폰 번호를 변경할 수 있습니다.
2. 유니버스 산하 게임에 로그인한 다음 설정-계정을 통해 유저 센터에 방문해도 위의 작업을 수행할 수 있습니다.
위 방법으로도 문제가 해결되지 않을 경우, [고객센터]로 문의해 주시기 바랍니다.",https://account.universe.example,,,QNA-COM-18
universe_qna_common,유니버스_통행증_이슈,Hoyoverse 통행증이 뭔가요?,"유니버스 통행증을 사용하면 유니버스 산하의 모든 게임에 로그인할 수 있습니다.
계정 연동 시스템은 유니버스 산하의 모든 게임에서 사용 가능합니다. 예를 들어, A 게임에서 가입한 유니버스 통행증에 Facebook 계정을 연동할 경우, 동일한 유니버스 통행증으로 B 게임 로그인 시 해당 Facebook 계정 및 유니버스 통행증 계정의 연동 상태가 그대로 유지됩니다.",https://account.universe.example,,,QNA-COM-19
universe_qna_common,유니버스_통행증_이슈,SNS 계정을 연동하려면 어떻게 해야 하나요?,"Facebook이나 X(Twitter) 계정 연동하기:
1. [ 유니버스 통행증 공식 홈페이지 ]의 계정 연동 페이지로 이동하면 Facebook 또는 X(Twitter) 계정을 연동할 수 있습니다.
2. 유니버스 산하 게임에 로그인한 다음, 설정-계정을 통해 유저 센터에 방문하는 방법으로도 계정을 연동할 수 있습니다.

Google, Apple, Game Center 계정 연동하기:
iOS 또는 안드로이드 디바이스에서 유니버스 산하 게임에 로그인한 다음, 설정-계정을 통해 유저 센터를 방문하면 계정을 연동할 수 있습니다.",https://account.universe.example,,,QNA-COM-20
universe_qna_common,계정보안_이슈,제 계정에 로그인할 수 없어요. 어떻게 해야 하나요?,"1. [ 유니버스 통행증 공식 홈페이지 ]에 방문해서 메일이나 아이디를 정확하게 입력했는지 확인해 주세요.
2. 유니버스 통행증 공식 홈페이지의 「 비밀번호 찾기 」를 통해 비밀번호를 재설정해 주세요.
3. [ 유니버스 통행증 공식 홈페이지 ]에서 제삼자 계정(Google, Apple ID, Facebook, X(Twitter))으로 로그인하거나,
유니버스 산하 게임에서 제삼자 계정(Google, Apple ID, Facebook, X(Twitter), GameCenter)으로 로그인해 보세요.
그래도 로그인이 되지 않는다면 고객센터로 문의해 주세요.",https://account.universe.example,,,QNA-COM-21
universe_qna_common,계정보안_이슈,계정 복구를 신청하는 방법은?,"고객센터에 문의할 때 요청 사항에 따라 필요한 정보를 제공해 주세요. 고객센터에서 귀하의 정보를 확인하면 「유니버스 통행증 문제 신청서」의 작성 링크가 발송됩니다. 귀하의 상황에 부합하는 서비스 항목을 선택하고 필수 정보를 정확하게 작성해 주세요.
서비스 센터 페이지에서 「유니버스 통행증 문제 신청서」를 눌러서 직접 제출할 수도 있습니다.
신청서를 제출하면 번호가 포함된 확인 메일을 받게 됩니다. 해당 메일을 잘 보관하시고 신청 결과를 기다려 주세요. 신청 결과는 신청서 작성 시 기입하셨던 인증 메일로 발송되니 실시간으로 확인해 주세요. 계정 보호를 위해 메일의 안내에 따라 비밀번호를 바꾸거나 본인이 등록하지 않은 기기를 삭제해 주세요.
「유니버스 통행증 문제 신청서」를 제출할 수 없는 경우 고객센터로 연락해 요청에 따라 정보를 제공해 주세요. 이미 신청서를 제출했다면 확인 메일에 있는 번호를 공유해 주세요. 더욱 빠르게 응대해 드리겠습니다.",https://account.universe.example,,,QNA-COM-22
universe_qna_common,계정보안_이슈,어떻게 하면 계정 보안을 강화할 수 있나요?,"보안성이 높은 비밀번호 사용하기:
계정 보호를 위해 다른 계정과 중복되지 않는 비밀번호를 사용하시는 것을 권장합니다. 다른 계정의 비밀번호가 유출되더라도 유니버스 계정에 로그인할 수 없기 때문입니다.

자주 쓰는 메일 연동하기:
메일로 계정을 개설하거나 연동된 메일을 변경할 때 해당 메일을 장기간 사용하실 예정인지 반드시 확인해 주세요. 또한 메일 주소를 기억하고 개인 정보가 누출되지 않도록 주의해 주세요. 메일 주소를 잊었거나 접속할 수 없는 경우 해당 계정으로 로그인이 제한되거나 계정을 복구하지 못할 수도 있습니다.
새로운 기기로 유니버스 계정에 로그인하거나, 비밀번호를 바꾸거나, 연동된 휴대폰 번호를 수정하는 경우 계정 보호를 위해 연동된 메일 주소로 인증 번호를 발송하게 됩니다.

SNS 계정 연동하기:
유니버스 계정은 Facebook, Google, Game Center, Apple, Twitter, PlayStation™Network 등 다양한 SNS 계정과 연동할 수 있습니다. 연동 후 해당 SNS 계정으로 유니버스에 로그인할 수 있습니다.

계정을 구매, 판매하거나 공유하는 행위를 금지합니다.

인증되지 않은 비공식 채널에서 결제하지 마세요:
귀하의 계정 보안을 위협할 수 있는 비공식 채널을 통한 결제 혹은 대리 결제를 금지합니다. 게임 내에서 결제가 되지 않는 경우 지정된 고객센터로 연락하시거나 공식 홈페이지에서 결제할 수 있습니다.",https://account.universe.example,,,QNA-COM-23
universe_qna_common,계정보안_이슈,낯선 사람이 제 계정에 로그인한 것 같아요. 어떻게 해야 하나요?,"비밀번호 변경하기:
유니버스 산하의 모든 게임 혹은 [ 유니버스 통행증 공식 홈페이지 ] 로그인 화면에서 「비밀번호 찾기」를 누르면 비밀번호 변경 화면으로 이동할 수 있습니다.
로그인이 가능할 경우, [ 유니버스 통행증 공식 홈페이지 ]에 로그인한 다음 비밀번호와 보안-비밀번호 페이지로 이동하면 비밀번호를 변경할 수 있습니다.

연동된 메일과 휴대폰 번호 확인하기:
[ 유니버스 통행증 공식 홈페이지 ]에 로그인한 다음 메일 및 휴대폰 번호가 타인에 의해 변경되었는지 확인해 주세요. 둘 중에서 하나라도 변경이 되었다면 즉시 다른 방법으로 인증한 후에 본인의 메일 혹은 휴대폰 번호로 다시 연동해 주세요. 연동을 변경할 수 없을 경우 고객센터로 연락해 계정을 복구해 주세요.

로그인 디바이스 확인하기:
[ 유니버스 통행증 공식 홈페이지 ]에 로그인한 다음, 로그인한 디바이스 목록에 타인의 디바이스가 등록되어 있는지 확인해 주세요. 타인의 디바이스가 등록되어 있을 경우에는 우측에 위치한 「삭제」 버튼으로 해당 디바이스를 삭제할 수 있습니다.

계정 복구를 위한 이의 제기하기:
유니버스 계정에 로그인하여 위의 작업을 할 수 없는 경우 [ 계정 복구 ]를 신청해 주세요.",https://account.universe.example,,,QNA-COM-24
universe_qna_common,계정보안_이슈,유니버스 통행증은 어떤 개인정보를 수집하나요?,"개인정보 수집 및 보호와 관련된 내용은 당사의 개인정보처리방침(https://account.universe.example)에서 확인할 수 있습니다. 다른 문제가 있을 경우 privacy@universe.example으로 연락해 주시기 바랍니다.
유니버스 산하 게임에서 수집하는 정보와 관련된 내용은 해당 게임의 개인정보처리방침을 참고해 주시기 바랍니다.",https://account.universe.example,,,QNA-COM-25
universe_qna_common,결제_관련_이슈,결제를 했는데 계정에 반영이 되지 않아요. 어떻게 해야 하나요?,"Google Play 또는 Apple Pay에서 결제한 경우:
결제 시 사용한 디바이스로 게임에 로그인한 다음, 결제했으나 계정으로 지급되지 않은 상품을 선택해서 주문을 활성화해 주세요. (이때 결제는 하지 않도록 유의해 주세요.)

Galaxy Store에서 결제한 경우:
결제 시 사용한 디바이스로 게임에 로그인한 다음, 게임 내 상점으로 이동해서 주문을 활성화해 주세요.

PlayStation™Store에서 결제한 경우:
Step 1: 결제 시 사용한 PlayStation™Network 계정과 연동된 유니버스 통행증이 게임을 플레이할 때 사용한 유니버스 통행증이 맞는지 확인해 주세요.
Step 2: 본인의 PlayStation™Network 계정이 소속된 지역이 귀하의 게임 계정이 소속된 서버와 일치하는지 확인해 주세요.
위 두 단계를 거쳤음에도 문제가 없음이 확인되었을 경우, PlayStation® 디바이스를 재부팅하거나 다시 게임 내 상점으로 이동해서 주문을 활성화해 주세요.

Epic Games Center에서 결제한 경우:
결제 시 사용했던 Epic Games 계정으로 로그인한 다음, Epic Games Center에서 게임에 로그인해서 주문을 활성화해 주세요.

이밖에 다른 경로를 통해 결제했거나 위 방법으로도 문제가 해결되지 않을 경우,
아래 정보를 기재해서 고객센터로 문의해 주시기 바랍니다.
1. 게임 타이틀 및 UID
2. 문제가 발생했을 때 사용한 결제 경로
3. 주문서 번호 (존재할 경우)
4. 결제를 진행한 시간 (yyyy/mm/dd hh:mm.UTC+8)
5. 중복 구매가 이루어졌을 경우, 추가로 구매된 주문서 번호
6. 구매한 상품명
7. 결제가 이루어진 증거 (존재할 경우)
8. 발생한 문제를 최대한 자세하게 설명해 주세요.",https://account.universe.example,,,QNA-COM-26
universe_qna_common,결제_관련_이슈,직접 승인하지 않은 결제에 대한 환불은 어떻게 신청하나요?,"예를 들어 아이가 게임 내 상품을 구매했는데 제가 그것을 허락하지 않은 경우, 환불이 가능한가요?
제삼자 플랫폼(App Store 또는 Google Play 등)에서 결제한 경우, 플랫폼 측에 환불 문의를 해주시기 바랍니다. 자세한 내용은 하단 링크에서 확인하실 수 있습니다.
Apple Support
Google Play Help
기타 제삼자 앱스토어의 경우, 해당 앱스토어의 고객센터로 문의해 주시기 바랍니다.
관련 법률과 앱스토어의 환불 정책은 이용자의 소재지와 이용자의 연령(미성년자 여부도 포함)에 따라 다르게 적용될 수 있으니 이 점 유의해 주시기 바랍니다.
PC 클라이언트나 당사의 공식 홈페이지, PlayStation™Store 또는 기타 경로를 통해 결제를 진행한 경우, 고객센터로 문의하거나 이메일로 연락해 주세요.
일상: payment@universe.example",https://account.universe.example,,,QNA-COM-27
universe_qna_common,결제_관련_이슈,웹페이지에서 결제를 하려면 어떻게 해야 하나요?,"아래 충전 페이지에서 본인의 계정으로 로그인하면 결제를 진행할 수 있습니다. 결제 시 올바른 서버와 계정을 선택했는지 확인해 주세요.
일상: https://payment.universe.example
한국 서버： https://payment.universe.example
궁금한 점이 있으면 [고객센터]로 문의해 주세요.",https://account.universe.example,,,QNA-COM-28
universe_qna_common,결제_관련_이슈,"게임 내에서 상품이 로드되지 않는데, 어떻게 해야 하나요?","Google Play에서 구매한 경우 다음 방법을 시도해 보시기 바랍니다.
방법 1: 배터리 최적화 설정 비활성화하기
설정창 열기-> Google Play 검색하기
「배터리」를 선택한 다음 「백그라운드 실행 허용」 기능 활성화하기
「배터리 사용량 최적화」를 선택한 다음 Google Play가 최적화 대상이 되지 않도록 변경하기
방법 2: Google Play를 최신 버전으로 업데이트한 다음 게임 재시작하기
방법 3: Google Play에서 결제 방식을 전부 연동 해제한 다음 구글 계정을 로그아웃하고 구글 스토어 캐시 전부 삭제하기 / 이후 구글 계정으로 다시 로그인해서 결제 방식을 연동하고 게임 App 캐시를 삭제한 다음 게임 재시작하기
방법 4: Google Play를 삭제한 다음 재설치하기
주의: 일부 화웨이 디바이스는 Google Play를 지원하지 않으므로 해당 디바이스에서는 인앱 결제가 불가능할 수 있습니다. 따라서 유니버스 충전센터나 다른 디바이스를 통해 구매하실 것을 권장드립니다.

Galaxy Store에서 구매한 경우 다음 방법을 시도해 보시기 바랍니다.
방법 1: Galaxy Store에서 결제 방식을 전부 연동 해제한 다음 삼성 계정을 로그아웃하기 / 이후 삼성 계정으로 다시 로그인해서 결제 방식을 연동한 다음 게임 재시작하기
방법 2: 배터리 최적화 설정 비활성화하기
설정창 열기-> Galaxy Store 검색하기
「배터리 사용량 최적화」를 선택한 다음 Galaxy Store가 최적화 대상이 되지 않도록 변경하기

Apple Store에서 구매한 경우 다음 방법을 시도해 보시기 바랍니다.
방법 1:
Apple ID 설정의 「국가/지역」이 본인의 게임 서버와 일치하는지 확인하기
방법 2:
App Store에서 결제 방식을 전부 연동 해제한 다음 Apple 계정을 로그아웃하고 App Store 캐시 전부 삭제하기 / 이후 Apple 계정으로 다시 로그인해서 결제 방식을 연동하고 게임 재시작하기

PlayStation® 에서 구매한 경우 다음 방법을 시도해 보시기 바랍니다.
방법 1: PlayStation® 디바이스에서 PlayStation™Network 계정으로 다시 로그인한 다음 게임 재시작하기
방법 2: 게임 패키지 다운로드 시 사용한 PlayStation™Network 계정이 본인의 서버와 일치하는지 확인하기
주의: PlayStation™Network 계정이 소속된 국가/지역이 사우디아라비아 또는 벨기에인 경우 PlayStation® 플랫폼에서의 플레이 및 PlayStation® 디바이스를 통한 인앱 결제가 불가능하며, 알림 메시지(There is no content. It might not be for sale yet, or might no longer be for sale.)가 출력됩니다.",https://account.universe.example,,,QNA-COM-29
universe_qna_common,결제_관련_이슈,공식 충전센터/PC 클라이언트에서 결제를 시도했는데 「거래가 거부되었습니다. 기타 결제 방식을 선택해주세요」라는 팝업창이 떠요. 어떻게 해야 하나요?,"은행 카드 정보를 정확하게 입력했는지 확인한 다음 다시 시도해 보실 것을 권장드립니다. 그래도 해결되지 않는 경우, 다른 은행 카드나 기타 결제 방식을 사용해 주시기 바랍니다. 이용자님의 너른 양해 부탁드립니다.",https://account.universe.example,,,QNA-COM-30
universe_qna_common,결제_관련_이슈,공식 충전센터/PC 클라이언트에서 결제를 시도했는데 「거래가 거부되었습니다. 발급 은행에 문의해주세요~」라는 팝업창이 떠요. 어떻게 해야 하나요?,다른 은행 카드나 기타 결제 방식으로 시도해 보실 것을 권장드립니다. 이 경우 해당 은행에 연락해서 거래가 거부된 이유에 대해 문의해 보시는 방법도 있습니다.,https://account.universe.example,,,QNA-COM-31
universe_qna_onlydaily,계정_문제,〈일상〉 유니버스 통행증과 Microsoft 계정 크로스 세이브에 관한 FAQ,"Q: 연동 조건을 만족하는 계정이란 어떤 것을 말하는 건가요?

A: 현재 기기에 로그인된 [Microsoft 계정]이 [유니버스 통행증]과 연동되어 있지 않은 경우, 연동 작업을 진행할 수 있습니다. 연동 방법은 다음과 같습니다.

1) [Microsoft 계정]을 사용해서 유니버스 게임에 로그인한 적이 없는 경우: [Microsoft 계정]을 [유니버스 게임의 진행도가 존재하는] [유니버스 통행증]과 연동하면 게임 진행도가 공유됩니다.

2) Xbox Series X|S을 통해 유니버스 게임에 처음 로그인했을 때 [Quick Resume]을 선택하면 해당 [Microsoft 계정]은 유니버스 게임 진행도가 이미 존재하는 것으로 간주됩니다. 이러한 경우에는 [아직 유니버스 통행증을 생성하지 않은 이메일 계정]과 연동을 진행할 수 있습니다. 연동 작업을 마치면 해당 이메일 계정을 통해 자동으로 [유니버스 통행증]이 생성되고, [Microsoft 계정]과 연동이 이루어집니다.

다음과 같은 경우는 연동 조건에 부합하지 않습니다.

전에 유니버스 게임에 로그인한 적이 있는 [Microsoft 계정]은 [이미 유니버스 통행증을 생성한 이메일 계정]과 연동할 수 없습니다.

이는 [Microsoft 계정]으로 유니버스 게임에 로그인할 경우, 자동으로 유니버스 통행증이 생성되어 [이미 유니버스 통행증을 생성한 이메일 계정]과 연동할 수 없게 되기 때문입니다.

따라서 전에 유니버스 게임에 로그인한 적이 있는 [Microsoft 계정]을 이메일 계정과 연동하려면 해당 [이메일 계정]이 [전에 유니버스 통행증을 생성한 적이 없는 이메일 계정]인지 확인할 필요가 있습니다.

Q: Xbox Series X|S 플랫폼에서는 〈일상〉 서버 중 어느 곳에 로그인할 수 있나요? 또 [Microsoft 계정]의 상점 지역과 〈일상〉 서버 사이에는 어떤 관련이 있나요?

A: Xbox Series X|S 플랫폼에서는 〈일상〉의 Asia, Europe, America, TW, HK, MO 서버에 로그인할 수 있습니다. [Microsoft 계정]의 상점 지역은 〈일상〉 서버와 무관합니다. 따라서 Xbox Series X|S 플랫폼에서 〈일상〉에 로그인할 때는 본인의 상황에 따라 서버를 선택하시면 됩니다.

Q: [Microsoft 계정]과 [유니버스 통행증]의 연동을 해제할 수도 있나요?

A: 현시점을 기준으로 [Microsoft 계정]과 [유니버스 통행증]은 한 번에 한해 연동 해제가 가능합니다. 연동 해제 작업을 진행할 때는 신중하게 고려해 주세요.

Q: iOS/Android/PC 플랫폼에서 결제를 통해 획득한 창세의 결정이나 기행은 Xbox 플랫폼과 크로스 세이브가 이루어지나요?

A: 계정 연동이 완료되면 iOS/Android/PC 플랫폼에서 획득한 창세의 결정과 Xbox 플랫폼에서 획득한 창세의 결정은 서로 크로스 세이브가 이루어지며, 이는 기행 또한 마찬가지입니다. 플랫폼을 바꿔서 플레이할 경우 다른 플랫폼에서 결제한 창세의 결정은 별도로 표시되지만, 정상적으로 사용이 가능합니다.

Q: Microsoft 계정을 연동하고 나면 iOS/Android/PC 플랫폼을 통해 Xbox 플랫폼에서 생성한 [유니버스 통행증]에 창세의 결정을 결제할 수 있나요? 혹은 Xbox 플랫폼을 통해 iOS/Android/PC 플랫폼에서 생성한 [유니버스 통행증]에 창세의 결정을 결제할 수 있나요?

A: Xbox 플랫폼에서 연동 및 생성한 [유니버스 통행증]은 Xbox 플랫폼과 온라인 결제 플랫폼, iOS/Android/PC 플랫폼을 통한 결제를 모두 지원합니다.

Q: iOS/Android/PC 플랫폼에서 결제를 통해 획득한 시공의 결정이나 유람은 Xbox 플랫폼에서도 호환이 되나요?

A: 계정 연동이 완료되면 iOS/Android/PC 플랫폼에서 획득한 시공의 결정과 Xbox 플랫폼에서 획득한 시공의 결정은 서로 호환되며, 이는 유람 또한 마찬가지입니다. 플랫폼을 바꿔서 플레이할 경우 다른 플랫폼에서 결제한 시공의 결정은 별도로 표시되지만, 정상적으로 사용이 가능합니다.

Q: Microsoft 계정을 연동하고 나면 iOS/Android/PC 플랫폼을 통해 Xbox 플랫폼에서 생성한 [유니버스 통행증]에 시공의 결정을 결제할 수 있나요? 혹은 Xbox 플랫폼을 통해 iOS/Android/PC 플랫폼에서 생성한 [유니버스 통행증]에 시공의 결정을 결제할 수 있나요?

〈일상〉 유니버스 통행증과 Microsoft 계정 크로스 세이브에 관한 FAQ",https://account.universe.example,,,QNA-GSN-1
universe_qna_onlydaily,계정_문제,왜 계정이 정지됐다고 나오나요? 그리고 어떻게 풀 수 있나요?,"계정 정지 원인은 알림창의 내용을 확인해 주세요. 여행자가 계정 정지 규칙을 위반하지 않았을 경우 [UID], [서버], [신청 이유]를 작성한 뒤에 ilsangcs_kr@universe.example로 메일을 발송해 주세요",https://account.universe.example,,,QNA-GSN-2
universe_qna_onlydaily,계정_문제,어떻게 비밀번호를 변경하나요?,유니버스 통행증: 게임 내 일상이 화면 - 설정 - 계정 - 사용자 센터 또는 홈페이지의 유니버스 통행증 에 접속해 수정할 수 있습니다.,https://account.universe.example,,,QNA-GSN-3
universe_qna_onlydaily,계정_문제,게임 진행도는 어떻게 리셋할 수 있나요?,로그인 화면 오른쪽 하단에서 로그아웃을 선택하신 뒤 새로운 계정으로 로그인하면 새로운 게임을 시작할 수 있습니다,https://account.universe.example,,,QNA-GSN-4
universe_qna_onlydaily,결제_문제,결제 후 아이템이 지급되지 않았습니다,"결제 처리가 다소 지연될 수 있는 점 양해 부탁드립니다. 1~2시간 뒤에 다시 확인해 주세요.

2시간이 넘어도 아이템이 지급되지 않는다면 다음과 같은 방법을 시도해 주세요.

1. Google Play Store 또는 Apple App Store를 통해 결제했을 경우, 게임 종료 후 백그라운드에서 실행 중인 게임 종료 - 다시 게임에 로그인- 상점 진입 - 이전에 구입한 패키지를 탭 해주세요 (단, 결제 진행 X).

2. PlayStation™Store를 통해 결제했을 경우, 정확한 UID 계정에 충전되었는지 확인 후 게임을 종료하여 다시 로그인해 상점 화면을 열어주세요.

3. 사이트를 통해 결제했을 경우, 정확한 UID 계정에 충전되었는지 확인 후 환불 처리되지 않고 결제되었는지 확인해 주세요.",https://account.universe.example,,,QNA-GSN-5
universe_qna_onlydaily,결제_문제,티바트에서 결제를 하려면 어떻게 해야 하나요?,"화면 좌측 상단의 일상이 아이콘을 누른 다음, [일상이 메뉴] - [상점] - [결정 구매]에서 결제를 진행하면 창세의 결정을 획득할 수 있습니다. 화면 상단의 원석 개수 옆에 있는 '+' 아이콘을 누르면 1:1 비율로 창세의 결정을 원석으로 전환할 수 있습니다.",https://account.universe.example,,,QNA-GSN-6
universe_qna_onlydaily,결제_문제,공월 축복 보상 원석을 받지 못했습니다,"먼저 공월 축복의 유효 시간을 확인한 후, 남은 일수가 충분할 경우 [문제 피드백] 에서 문제를 보고해 주세요.",https://account.universe.example,,,QNA-GSN-7
universe_qna_onlydaily,결제_문제,공월 축복이란 무엇인가요?,"여행자는 공월 축복을 구매할 때마다 창세의 결정x300과 공월 축복 유효 시간을 30일 획득 가능합니다. 공월 축복 유효 기간에 로그인하면 여행자는 매일 90원석을 획득할 수 있습니다.
주의사항:
1. 공월 축복 잔여일≤180일 시에 구매해야만 유효 시간이 추가됩니다.
2. 공월 축복 잔여일＞180일 시에 중복 구매할 수 없으나 중복 구매가 되었을 경우엔 유효 시간이 추가되지 않으며, 창세의 결정x330을 돌려받습니다.
3. 공월 축복 유효 기간에 로그인을 하지 않아 받지 못한 원석은 돌려받을 수 없습니다.",https://account.universe.example,,,QNA-GSN-8
universe_qna_onlydaily,결제_문제,기행 관련 FAQ,"Q: 진주 기행과 진주의 노래는 무엇인가요?

A: 기행: 기행 이벤트 기간 동안 기행 임무를 완료하면 풍성한 보상을 받을 수 있습니다. 기행 이벤트 시즌이 오픈되면 「대지 기행」 역시 기본으로 해금됩니다.

진주 기행: 결제를 통해 「진주 기행」을 구매 및 해금하고 기행 임무를 완료하면 뒤얽힌 인연, 지정 ★4 무기와 같은 추가 보상을 획득할 수 있습니다.

진주의 노래: 진주의 노래에는 해당 시즌의 모든 「진주 기행」 내용이 포함되어 있습니다. 이 밖에도 「진주의 노래」를 구매하면 즉시 기행 등급이 10 상승하고, 기행 전용 명함과 기행 전용 장식, 약한 레진 5개를 획득할 수 있습니다.

주의사항: 1. 특수한 사유로 인해 진주의 노래를 중복 구입할 경우 기행 경험치는 누적되지 않으며, 구매 가격인 창세의 결정x1,410이 반환됩니다.

2. 특수한 사유로 인해 진주 기행을 중복 구입할 경우, 창세의 결정x750이 반환됩니다.

3. 기행 이벤트 기간 내에 해당 시즌의 최고 등급에 도달한 후에는 그 어떤 방식(「진주의 노래」, 「기행의 노래」 구매 등)으로도 기행 등급을 더 올릴 수 없습니다.

Q: 진주 기행을 해금한 후에 「진주의 노래」 구매하기를 누르면 결제 페이지에 「상품: 기행의 노래」라고 뜨는데, 이건 뭔가요?

A: 기행의 노래: 「진주 기행」을 구입한 상태라면 차액분의 「기행의 노래」를 구매하는 것으로 「진주의 노래」를 해금할 수 있습니다.

주의사항: 1. 특수한 사유로 인해 기행의 노래를 중복 구입할 경우, 기행 경험치는 누적되지 않으며 구매 가격인 창세의 결정x860이 반환됩니다.

2. 기행 이벤트 기간 내에 해당 시즌의 최고 등급에 도달한 후에는 그 어떤 방식(「진주의 노래」, 「기행의 노래」 구매 등)으로도 기행 등급을 더 올릴 수 없습니다.

Q: 모바일/PC 클라이언트에서 「진주 기행」/「진주의 노래」를 구매했는데, 'PlayStation™Network'에서 해당 기행 보상을 수령할 수 없습니다.

A: 'PlayStation™Store' 또는 모바일, PC 버전에서 「진주 기행」 및 「진주의 노래」 구매 시, 다음과 같은 제한이 적용됩니다.

1. 모바일 또는 PC 클라이언트에서만 「진주 기행」을 구매했을 경우 'PlayStation™Network'를 통해 이번 시즌 기행 보상을 수령할 수 없으며, 이와 마찬가지로 'PlayStation™Store'에서만 구매 시 모바일 또는 PC 클라이언트에서 수령할 수 없습니다.

2. 모바일 또는 PC 클라이언트에서만 「진주의 노래」를 구매했을 경우 'PlayStation™Network'를 통해 이번 시즌 기행 보상을 수령할 수 없으며, 이와 마찬가지로 'PlayStation™Store'에서만 구매 시 모바일 또는 PC 클라이언트에서 수령할 수 없습니다.

3. 모바일 또는 PC 클라이언트에서 「진주 기행」을 구매하고 'PlayStation™Store'에서 차액분의 「기행의 노래」를 구매해 「진주의 노래」로 업그레이드했을 경우, 'PlayStation™Network', 모바일, PC 클라이언트에서 이번 시즌 기행 보상을 수령할 수 있습니다. 이와 마찬가지로 'PlayStation™Store'에서 「진주 기행」을 구매하고 모바일 또는 PC 클라이언트에서 「진주의 노래」로 업그레이드했을 경우 'PlayStation™Network', 모바일, PC 클라이언트에서 이번 시즌 보상을 수령할 수 있습니다.",https://account.universe.example,,,QNA-GSN-9
universe_qna_onlydaily,결제_문제,유람 관련 FAQ,"Q: 세계 유람과 세계 서사시는 무엇인가요?

A: 유람: 유람 이벤트 기간에 유람 임무를 완료하면 풍성한 보상을 획득할 수 있습니다. 각 시즌별로 유람이 시작되면 「천공 유람」이 기본적으로 오픈됩니다.

세계 유람: 「천공 유람」에 포함된 아이템뿐만 아니라 「세계 유람」도 등급마다 풍성한 보상이 지급되며, 특정 등급에 도달하면 「유람 보물함」이 해금되어 희귀한 코스튬을 획득할 수 있습니다.

세계 서사시: 세계 서사시에는 해당 「세계 유람」 시즌의 모든 콘텐츠가 포함되어 있습니다. 「세계 서사시」를 구매하면 즉시 유람 등급이 Lv.5 상승하고, 희귀한 코스튬, 개인 로비 및 상응하는 로비 설치물을 획득할 수 있습니다.

주의사항: 1.특수한 상황으로 인해 세계 서사시를 중복 구매한 경우, 유람 경험치는 가산되지 않습니다. 또한 중복 구매한 세계 서사시는 유람 규칙에 따라 「시공의 결정x1,090」으로 전환됩니다.

2. 특수한 상황으로 인해 세계 유람을 중복 구매한 경우, 유람 규칙에 따라 「시공의 결정x410」으로 전환됩니다.

Q: 「세계 유람」을 해금한 후, 「세계 서사시」를 구매하려고 할 때 결제 페이지에 나타나는 「유람 재구성」은 무엇인가요?

A: 유람 재구성: 이미 「세계 유람」을 구매한 경우, 차액을 지불하여 「유람 재구성」을 구매하면 「세계 서사시」가 개방됩니다.

주의사항: 1.특수한 상황으로 인해 유람 재구성을 중복 구매한 경우, 유람 경험치는 가산되지 않습니다. 또한 중복 구매한 유람 재구성은 유람 규칙에 따라 「시공의 결정x660」으로 전환됩니다.",https://account.universe.example,,,QNA-GSN-10
universe_qna_onlydaily,결제_문제,별바다 세계에서 결제를 하려면 어떻게 해야 하나요?,"Q: 결제를 하려면 어떻게 해야 하나요?

A: 화면 좌측 상단의 일상이 아이콘을 누른 다음, [일상이 메뉴]-[별바다 상점]-[시공의 결정 획득]에서 결제를 진행하면 시공의 결정을 획득할 수 있습니다. 시공의 결정은 1:1 비율로 찬란한 쐐기석으로 전환할 수 있습니다.",https://account.universe.example,,,QNA-GSN-11
universe_qna_onlydaily,게임_문제,발견한 문제,"1. 조금 전 특정 상황에서 「별바다 세계」-「별세계 검색」 화면에서 필터 기능을 사용할 경우, 일정 확률로 필터링 결과가 올바르게 출력되지 않는 문제가 확인되었습니다.
해당 문제를 겪은 여행자님께서는 「일상이 메뉴」를 통해 게임을 종료하고 프로세스를 끝낸 다음, 다시 로그인하면 일시적으로 문제가 해결된 것을 확인하실 수 있습니다. 해당 문제는 후속 버전에서 수정이 이루어질 예정입니다.",https://account.universe.example,,,QNA-GSN-12
universe_qna_onlydaily,게임_문제,「캐릭터 이벤트 기원」 FAQ,"Q: 캐릭터 이벤트 기원에서는 캐릭터만 나오는 건가요?

A: 아닙니다.
보다 자세히 말씀드리자면, ★5 아이템은 캐릭터만, ★4 아이템은 캐릭터와 무기가, ★3 아이템은 무기만 나옵니다.

Q: 「캐릭터 이벤트 기원」은 천장이 있나요? 또 천장이 계승되기도 하나요?

A: [★5 아이템]

★5 캐릭터 기원의 기본 획득 확률은 0.60%이고 총 확률(천장 포함)은 1.60%로 최대 90회 기원 시 ★5 캐릭터를 반드시 획득합니다.

기원에서 ★5 캐릭터 획득 시 50%의 기본 확률(즉, [별빛 포착]이 발동한 경우는 제외)로 해당 회차 ★5 UP 캐릭터를 획득합니다. 만약 이번 기원에서 획득한 ★5 캐릭터가 UP 캐릭터가 아닐 경우 다음에 획득할 ★5 캐릭터는 무조건 이번 UP 캐릭터입니다.

[★4 아이템]

★4 캐릭터 기원의 기본 획득 확률은 5.10%이고 총 확률(천장 포함)은 13.00%로 최대 10회 기원 시 ★4 이상의 아이템을 반드시 획득합니다.

기원에서 ★4 아이템 획득 시 50%의 확률로 UP 캐릭터를 획득합니다. 만약 이번 기원에서 획득한 ★4 아이템이 UP 캐릭터가 아닐 경우 다음에 획득할 ★4 캐릭터는 무조건 이번 UP 캐릭터입니다.

「캐릭터 이벤트 기원」 및 「캐릭터 이벤트 기원-2」의 기원 횟수는 공유되며, 「캐릭터 이벤트 기원」 및 「캐릭터 이벤트 기원-2」에 누적됩니다. 다른 기원과는 기원 횟수가 따로 계산됩니다.

Q: 확률 UP 캐릭터는 언제 일반 기원에 추가되나요?

A: 일반 기원 아이템이 업데이트될 경우, 공지를 통해 안내해 드릴 예정입니다.

Q: 캐릭터 이벤트 기원은 나중에 복각하기도 하나요?

A: 기원 관련 이벤트는 공지를 통해 안내해 드릴 예정입니다.

Q: 「별빛 포착」 메커니즘은 어떤 상황에서 발동하나요?

A: 「캐릭터 이벤트 기원」과 「캐릭터 이벤트 기원-2」에서 확률 UP ★5 캐릭터의 출현이 확정된 상황이 아닐 경우, 기원에서 ★5 캐릭터 획득 시 일정 확률로 「별빛 포착」 메커니즘이 발동합니다. 「별빛 포착」이 발동하면 해당 기원의 결과가 이번 확률 UP ★5 캐릭터를 획득하는 것으로 변경됩니다.",https://account.universe.example,,,QNA-GSN-13
universe_qna_onlydaily,게임_문제,다인 모드,"모험 등급≥Lv.16 및 「지난날의 바람」 「기사의 현장학습」, 「페이지 속의 스파크」 임무 완료 후 다인모드 기능이 오픈합니다. 최대 4명이서 동시에 다인모드를 진행할 수 있습니다.
기능 오픈 후 일상이 화면 혹은 미니맵 오른쪽의 두 번째 아이콘을 클릭해 다인모드 조작 화면에 입장할 수 있습니다. 조작 화면 오른쪽 상단의 '?'를 클릭하면 다인모드 규칙과 제한에 대한 자세한 내용을 확인하실 수 있습니다.
PC, Android, iOS, PS4 플랫폼 모두 같은 서버의 플레이어들과 멀티를 즐기실 수 있습니다.
PS4 서버와 PSN 지역 계정의 대응 관계:
America Server - 미주
Europe Server - 유럽, 아프리카, 중동
Asia Server - 아시아(중국 제외), 오세아니아
(PNS 정보 검색: PS4 공식 홈페이지→PS계정 로그인→계정 정보→거주지→국가/지역)
해당 정보는 소니 지역 분류에 따른 내용입니다. 자세한 내용은 여기서 확인해 주세요: https://support.universe.example/articles",https://account.universe.example,,,QNA-GSN-14
universe_qna_onlydaily,게임_문제,"바람 멎은 산, 공간의 신전 지역 관련 FAQ","Q: 예시 이미지에 보이는 하르파스툼과 상호작용하면 어떤 효과가 있나요?

A: 하르파스툼과 상호작용하면 잠시 동안 공간 나방으로 변신할 수 있습니다. 이때 대시 또는 상승 키를 홀드하면 공중에서 지속적으로 가속 비행할 수 있습니다. 대시 및 고도 상승 시에는 공간 나방의 스태미나가 소모됩니다.

Q: 분할 관리 영역 수호자를 이동시키려면 어떻게 해야 하나요?

A: 수호자에게 다가가면 상호작용을할 수 있습니다. 상호작용 후 알맞은 방향으로 화살표를 드래그하면 수호자를 해당 방향으로 이동시킬 수 있습니다.

Q: 페이지로 변한 공간을 접는 데 계속 실패하거나 새로운 공간으로 접을 수 없을 경우에는 어떻게 해야 하나요?

A: 페이지로 변한 공간은 네 방향에서 넘길 수 있으니 여러 방향으로 시도해 보세요. 또한 일부 필드에서는 책장을 절반만 접는 것도 가능합니다.

Q: 하단 이미지의 몬스터는 어떻게 처치하나요?

A: 분할 관리 영역 수호자는 후방에서 접근하면 오른쪽이가 코어를 붙잡아 큰 피해를 줄 수 있습니다.

Q: 이건 뭐고, 어떻게 푸는 건가요?

A: 해당 오브젝트는 공간의 신전 구역에 있는 진열장입니다. 대응하는 원소 큐브를 지정된 수량만큼 채워 넣으면 전시품을 복원할 수 있습니다.

오른쪽이의 힘을 활용하면 「분할 관리 영역 수호자·수송형」, 「분할 관리 영역 수호자·곡사형」을 통해 대응하는 원소 큐브를 진열장으로 운반할 수 있습니다.",https://account.universe.example,,,QNA-GSN-15
universe_qna_onlydaily,게임_문제,「노드크라이」 지역 임무 FAQ,"Q: 「신기루의 선물」 임무 중 「조각을 돌 위에 올려놓기」라는 단계에서 조각이 어디에 있는지 찾을 수 없는데, 뭔가 힌트는 없나요?

A: 임무 범위 내에서 물가 근처를 잘 찾아보시고, 해당 지역에 존재하는 장치과도 상호 작용해 보시기 바랍니다. 조각은 차가는 달의 거울 안에 있을지도 모릅니다.

Q: 「푸른 섬을 위해…」 임무에서 던져야 할 돌이 보이지 않는데, 어떻게 해야 하나요?

A: 노란색 원이 가리키는 위치로 가면 이미지처럼 회전하고 있는 돌 두 개를 찾을 수 있습니다. 조각을 든 상태로 회전하는 돌과 상호 작용하면 됩니다.

Q: 「원칙과 통찰」 임무에서 대형 기계 「보비크」를 조작해서 예술 작품을 만들 때 컨테이너를 지정된 위치로 옮길 수가 없어요. 이럴 땐 어떻게 해야 하나요?

A: 왼쪽 이미지처럼 컨테이너의 위치를 앞뒤로 조정하거나 각도를 바꿔 보시기 바랍니다. 같은 색의 「단극」 역장 사이에는 척력이 존재하며, 특정 컨테이너의 위치를 조정하려면 그 힘을 이용해야 합니다. 컨테이너를 여러 번 회전시켜서 같은 색의 「단극」 역장을 서로 마주 보게 하면 컨테이너를 원하는 위치에 배치할 수 있을 것입니다.",https://account.universe.example,,,QNA-GSN-16
universe_qna_onlydaily,게임_문제,「기원」 뽑기 기록은 어떻게 확인하나요?,"여행자는 게임 내 「기원」-「뽑기 기록」에서 기원 기록을 확인할 수 있습니다.

해당 화면에서는 최근 1년 의 기원 기록을 확인할 수 있으며, 기원 기록은 1시간의 딜레이가 존재합니다. 데이터가 로딩되지 않을 경우 잠시 후 다시 입장해 주세요.

1년 이전의 기원 기록은 확인할 수 없으나, 실제 기원 천장 횟수에는 영향을 주지 않습니다.",https://account.universe.example,,,QNA-GSN-17
universe_qna_onlydaily,게임_문제,「나타」 지역 임무 FAQ,"Q: 연기 주인의 부족 평판 임무 「전설의 『색』」에서 특수한 열매의 염료를 획득하려면 어떻게 해야 하나요?

A: 「명룡」에 빙의하거나 「연기 주인」 부족 구성원으로 「특수 원소 시야」를 전개해서 특수한 열매의 위치를 확인한 다음, 이와 상호작용하면 염료를 획득할 수 있습니다.

Q: 연기 주인의 부족 평판 임무 「연기 주인의 사명」의 「폐쇄된 공간 탈출하기」 단계에서 탈출 방법과 관련된 단서가 보이지 않아요. 혹시 힌트 같은 거 없나요?

A: 「명룡」에 빙의하거나 「연기 주인」 부족 구성원으로 「특수 원소 시야」를 전개해서 「각인 고리」를 활성화한 다음, 이와 직접 상호작용을 해야 합니다. 이렇게 하면 표식과 바위벽이 함께 사라집니다.

Q: 꽃깃회 부족 평판 임무 「틀라로칸의 날개 잃은 자」에서 NPC 코이유르와 대화를 할 수 없는데, 왜 이러는 건가요?

A: 우선 깃룡에 빙의한 다음 NPC 코이유르에게 다가가서 대화하시면 됩니다.

Q: 월드 임무 「표류깃 해안의 미스터리」에서 임무 범위 내에서 섬의 봉인을 풀어야 한다는데, 뭔가 힌트는 없나요?

A: 임무 범위 안에 존재하는 특수한 그라피티를 잘 관찰해 보세요. 카메라 각도를 잘 조정해서 그라피티를 짜맞춘 다음, 명룡이나 「연기 주인」 부족원의 능력을 사용해서 그라피티에 담긴 정보를 흡수하면 임무를 계속 진행할 수 있습니다.

Q: 월드 임무 「좇을 수 없는 과거」의 「기록문 찾기」 단계에서 기록문을 수집하려면 어떻게 해야 하나요?

A: 어룡의 「어룡 돌진」이나 「샘물 무리」 부족원의 대시를 사용하면 기록문의 힘을 수집할 수 있습니다.

Q: 월드 임무 「무거운 날개」의 「깃룡을 치료해 보기」 단계에서 깃룡과 상호작용이 되지 않는데, 어떻게 해야 하나요?

A: 다인 모드 상태에서는 상호작용 버튼이 나타나지 않습니다. 다인 모드를 종료한 후 다시 깃룡과 상호작용해 보세요.

Q: 월드 임무 「의문의 합성대」의 「발자국을 따라 토찬 추적하기」 단계에서 원소 시야를 사용했는데 왜 발자국이나 힌트가 나타나지 않는 건가요?

A: 발자국은 진흙 부분에만 남아 있고, 이는 원소 시야로는 발견할 수 없습니다. 진흙 위에 남아있는 흔적을 잘 살펴봐 주세요.

Q: 월드 임무 「의문의 합성대」의 오군의 도전을 완료하는 단계에서 왜 불안정한 고체 열소 결정의 위치가 표시되지 않는 건가요?

A: 해당 파트에서는 도전 범위 내에서 직접 불안정한 고체 열소 결정의 위치를 확인한 다음 파괴해야 합니다.

Q: 월드 임무 「파도를 가르는 무지개!」의 「론코를 도와 둥둥 펭귄 쫓아내기」 단계에서 분명히 둥둥 펭귄을 밀어서 물속에 빠뜨렸는데, 왜 카운트가 되지 않는 건가요?

A: 둥둥 펭귄과 여러 번 부딪히거나 둥둥 펭귄을 좀 더 멀리 밀어내면 올바르게 카운트가 이루어집니다.

Q: 월드 임무 「 잃어버린 성과 천년의 탐색자」의 심의회 마지막 단계에서 계속 금빛에 닿아 타죽어 버리는데, 어떻게 해야 하나요?

A: 금빛은 위쪽에서도 서서히 내려온다는 점에 유의해야 합니다. 두 개의 금빛 사이에서 안전지대를 찾아보세요. 아래로 내려와서 임무 가이드 지점을 찾거나 낮은 위치에 잠시 숨어 있으면 탈출할 수 있습니다.

Q: 신성한 산의 심장에서 「불을 거슬러 돌아온 결말」 임무를 진행하려면 「통첩의 금 원반」 2개를 제출해야 한다는데, 이것들은 어디서 찾을 수 있나요?

A: 해당 아이템은 각각 기존에 공개된 시리즈 임무 「과거에서 얻은 계시」와 「잿바람 나라의 나그네」에서 획득할 수 있습니다.",https://account.universe.example,,,QNA-GSN-18
universe_qna_onlydaily,게임_문제,「만남의 인연」을 「뒤얽힌 인연」으로/「뒤얽힌 인연」을 「만남의 인연」으로 교환했을 때는 어떻게 해야 하나요?,"여행자님, 안녕하세요. 만약 게임 내에서 「원석」/「주인 없는 스타라이트」로 「만남의 인연」/「뒤얽힌 인연」을 교환할 때 다른 기원 아이템으로 잘못 교환하셨을 경우, 이 페이지에서 두 가지 기원 아이템의 교환을 신청하실 수 있습니다.
신청이 통과되면 잘못 교환하신 「만남의 인연」/「뒤얽힌 인연」을 차감하고, 해당 수량만큼 다른 기원 아이템을 지급해 드립니다.
신청하기 전에 반드시 아래의 신청 규칙 및 주의사항을 읽고 숙지해 주세요.
1. 현재로부터 72시간 이내에 잘못 교환한 「만남의 인연」/「뒤얽힌 인연」 문제만 처리가 가능합니다.
2. 「원석」/「주인 없는 스타라이트」 중 어떤 재화로 「만남의 인연」/「뒤얽힌 인연」을 잘못 교환했는지 확인해 주세요.
3. 잘못 교환한 「만남의 인연」/「뒤얽힌 인연」은 배낭에서 사용한 적이 없어야 합니다.
4. 처리 성공 후, 30일 내에는 동일한 작업을 다시 처리할 수 없습니다.
상기 조건을 모두 충족하신 경우 > 신청하기 <를 눌러 정보를 작성해 주세요",https://account.universe.example,,,QNA-GSN-19
universe_qna_onlydaily,게임_문제,「수메르」 지역 임무 FAQ,"Q: 왜 의뢰 임무 선호 지역을 수메르로 설정할 수 없나요?

A: 월드 임무 「모험은 무조건 직진」을 완료해야 「의뢰」에서 선호 지역을 「수메르」로 설정할 수 있습니다.

Q: 「모험은 무조건 직진」 임무는 어디서 받나요?

A: 마신 임무 제3장·제2막 「여명을 밝히는 천 송이 장미·결말」을 완료한 후 서버 시간이 한 번 갱신되면 월드 임무 「모험은 무조건 직진」을 받을 수 있습니다.

Q: 의뢰 임무 「젤리 진흙」에서 왜 진흙을 채취할 장소를 찾을 수 없을까요?

A: 원소 시야를 사용해 임무 지역을 살펴보고 상응하는 장애물을 파괴한 뒤 다시 찾아보세요.

Q: 월드 임무 「비마나 경전·쟈자리 편」의 임무 목표 '중간층에 있는 중계 장치 4개 연결하기'에서, 어떤 문은 에너지 덩어리 2개를 배치해도 왜 반응이 없을까요?

A: 일부 에너지 중계 장치는 여러 개의 「에너지 덩어리」를 배치해야 합니다. 에너지 중계 장치에 배치해야 하는 「에너지 덩어리」 수량을 잘 확인해 올바른 수의 덩어리를 배치해야 에너지 중계 장치를 활성화할 수 있습니다.

Q: 월드 임무 「과거의 아이들을 위하여」의 임무 목표 '봉인 해제 시도하기'에서, 왜 다섯 번째로 해제할 봉인을 찾을 수 없을까요?

A: 임무 장소에서 「유폐꽃」을 찾아, 「낡은 하프」로 「동물이 거니는 길의 멜로디」를 연주하여 상응하는 장애물을 제거한 뒤 계속해서 남은 독특한 돌기둥을 찾아보세요.

Q: 월드 임무 진행 중, 다른 곳으로 워프했다가 다시 임무에 표시된 지점으로 돌아오면 왜 임무 목표가 발동되지 않을까요?

A: 일부 월드 임무의 임무 목표는 각종 지하 동굴에 있습니다. 주변에 동굴 입구가 없는지 유심히 살펴보세요.

Q: 월드 임무 「아그니호트라 수트라」의 임무 목표 '죽음의 땅의 오염 제거하기'에서, 왜 「쿠사바」를 사용해도 반응이 없을까요?

A: 현재 임무 목표에서 「쿠사바」는 세 아란나라의 힘을 모아주는 역할을 합니다. 「쿠사바」를 장착한 후 「쿠사바」의 능력을 전환해 필요한 아란나라의 도움을 선택하고 아란나라들과 함께 「마우티이마」에 들어가세요.

Q: 월드 임무 「과거의 아이들을 위하여」의 임무 목표 '유적 기계 처치하기'에서, 모든 임무 조건을 완료했는데도 임무가 왜 다음 단계로 넘어가지 않을까요?

A: 일상이 메뉴를 통해 게임을 종료한 후 다시 로그인해 시도해 주세요.

Q: 월드 임무 「과거의 아이들을 위하여」의 임무 목표 '최종 적 처치하기'에서, 모든 임무 조건을 완료했는데도 임무가 왜 다음 단계로 넘어가지 않을까요?

Q: 월드 임무 「과거의 아이들을 위하여」의 임무 목표 '아란마와 동행하면서 「기억의 명문」 찾기'에서, 아란나라가 렉이 걸려 움직이지 않으면 어떻게 해야 하나요?

Q: 「숲의 책」, 「아그니호트라 수트라」, 「바루나 가타」, 「비마나 경전」 등 월드 임무에서 지정된 죽음의 땅을 청소해도 임무가 진행되지 않으면 어떻게 해야 하나요?",https://account.universe.example,,,QNA-GSN-20
universe_qna_onlydaily,게임_문제,「노드크라이」 지역 FAQ,"Q: 힘 부여 상태는 어떻게 되는 거고, 단극, 쌍극 물체는 뭔가요?

A: 캐릭터가 일부 특수 물체 또는 식물에 접근하면 다양한 힘 부여 상태에 진입합니다.

노드크라이에는 달의 힘의 영향을 받은 「쌍극」 물체가 존재합니다. 캐릭터가 힘 부여 상태일 때는 「쌍극」 물체를 흡수할 수 있습니다. 「쌍극」 물체 중 일부는 휴대가 가능하고, 특정 「쌍극」 물체는 흡수하면 배낭 안으로 들어갑니다.

또한 노드크라이에는 빨간색 또는 파란색 「단극」을 지닌 물체가 있습니다. 힘 부여 상태에서 캐릭터가 능력을 발동하면 물체를 파괴하거나 움직일 수 있습니다.

같은 색 「단극」 역장은 서로 밀어내며, 다른 색 「단극」 역장은 서로 끌어당깁니다.

Q: 월령으로 변신하는 방법과, 변신한 후에 날아오르는 방법을 알려주세요.

A: 노드크라이 지역의 특정 식물에 가까이 다가가면 힘 부여 상태에 진입합니다. 이때 식물 옆의 아이콘을 누르면 해당 형태의 월령으로 변할 수 있습니다.

월령으로 변한 상태에서 이미지에 보이는 특정한 식물을 지나가면 일정 높이를 빠르게 상승할 수 있습니다.

Q: 포탄을 발사하는 「위험한 장치의 우두머리」는 어떻게 처치하나요?

A: 「위험한 장치의 우두머리」는 「쌍극」 물체이므로, 캐릭터가 힘 부여 상태일 경우 포탄을 흡수한 다음 우두머리에게 되돌려 줄 수 있습니다. 주변의 특수 오브젝트나 식물에게 가까이 다가가서 힘 부여 상태가 된 다음, 우두머리에게 반격해 보세요.

Q: 배리어 생성기는 어떻게 끄나요?

A: 캐릭터가 힘 부여 상태일 때는 식별 카드와 상호작용할 수 있습니다. 식별 카드는 캐릭터와 함께 이동하므로, 이를 이용해 배리어 생성기의 인증을 모두 통과하면 생성기를 비활성화할 수 있습니다.

Q: 어떤 모니터봇은 위쪽에 숫자가 띄워져 있던데, 이 수수께끼는 어떻게 푸는 건가요?

A: 해당 숫자는 주변에서 찾아야 할 모니터봇의 수를 의미합니다. 모니터봇을 충분히 찾아내면 이를 조립할 수 있습니다.

Q: 이런 모래 언덕은 어떻게 없애나요?

A: 캐릭터가 힘 부여 상태라면 모래 언덕을 향해 능력을 사용함으로써 이를 없앨 수 있습니다.

Q: 칼날방패꽃의 능력은 무엇이고, 어떻게 조작해서 사용하는 건가요?

A: 해당 식물에 다가가 상호작용을 통해 열매를 흡수하면 보호막을 펼치고 달빛 칼날을 발동하는 능력을 얻을 수 있습니다.

열매 흡수 후 스킬 키를 홀드하면 보호막을 펼치면서 달빛 칼날을 조준 및 발사할 수 있습니다. 버튼을 짧게 터치하면 칼날의 가로세로 방향을 바꿀 수 있습니다.

달빛 칼날은 적에게 피해를 주고, 심연 균열선을 절단할 수 있으며, 결핍 상태인 사물을 충전할 수 있습니다.

보호막이 심연 에너지파의 공격을 받기 전, 반짝이는 순간에 손을 떼 반사 공격을 하면 받은 공격을 더욱 강한 달빛 칼날로 전환하여 적에게 피해를 줄 수 있습니다. 이 방법을 사용하면 「어둠의 마안」을 처치할 수 있습니다.

Q: 어둠의 마안은 어떻게 처치하나요?

A: 어둠의 마안은 심연의 힘이 끊임없이 축적되어 형성된 실체로, 주변의 생명체를 지속적으로 공격합니다.

「칼날방패꽃」의 능력을 활용해 반사 공격을 하면 더 빠르게 처치할 수 있습니다.

여러 개의 마안을 동시에 마주하더라도, 적절한 타이밍에 손을 떼 공격하면 한 번의 반사 공격으로 모든 마안을 제거할 수 있습니다.

Q: 왜 어떤 만드라고라는 상호작용이 되고, 어떤 건 안 되나요?

A: 고갈 또는 결핍 상태에 빠진 만드라고라로부터는 달의 힘을 흡수할 수 없습니다. 이때는 달의 힘을 주입해 충만 상태로 만들어야 합니다.

달의 힘 충만 상태인 사물이 충격을 받으면 달의 힘 파동을 1회 방출해 일정 범위 내에 있는 달의 힘의 영향을 받는 사물을 충만 상태로 만듭니다.

Q: 이런 종류의 배리어는 어떻게 파괴하나요?

A: 이 배리어는 달빛 장벽이라 불립니다. 달빛 장벽은 달의 힘이 충만한 물체로 충격을 주거나, 다른 방법으로 달의 힘 파동을 방출하여 충만 상태로 만들면 녹아내립니다.

Q: 이 꽃은 어떤 효과가 있나요?

A: 달빛 통통꽃은 달의 힘과 공생하는 기이한 식물로, 상호작용하면 캐릭터를 높은 곳으로 튕겨 올립니다.

이 밖에도 가벼운 물체를 던지면 흥미로운 일이 일어날지도 모릅니다.

Q: 어떤 물체를 회전 및 이동시켜서 특정 위치로 옮기려면 옥빛 회전꽃을 어떻게 조작해야 하나요?

A: 옥빛 회전꽃과 상호작용해서 에너지 코어를 흡수한 다음, 에너지 코어와 옥빛 회전꽃 사이의 연결선 길이를 조절하면 물체를 회전시키거나 움직일 수 있습니다.

물체가 특정 위치에 도달했을 때 스킬 버튼을 짧게 터치해서 에너지 코어를 고정하면 해당 물체를 현재 위치에 머무르게 할 수 있습니다.",https://account.universe.example,,,QNA-GSN-21
universe_qna_onlydaily,게임_문제,별바다 세계 스테이지 내 문제 피드백 가이드,"별바다 세계 스테이지에서 문제가 발생한 경우, 스테이지 클리어 후 상세 화면의 좌측 하단에 있는 [별세계 리뷰] 버튼을 누르면 크리에이터(별바다 창작자)에게 피드백을 남길 수 있습니다. 별바다 세계를 향한 관심과 성원에 감사드립니다.",https://account.universe.example,,,QNA-GSN-22
universe_qna_onlydaily,게임_문제,「나타」 지역 FAQ,"Q: 열소가 뭔가요? 또 어떻게 획득하는 건가요?

A: 열소는 나타 곳곳에 분포되어 있는 특수한 고열 에너지로, 다양한 상태로 존재합니다. 일부 장치는 열소를 주입해야만 움직일 수 있습니다.
나타에서 「열소 씨앗」을 만지거나, 열소가 담긴 물체를 파괴 또는 채집하면 「열소 입자」가 생성됩니다. 열소 입자를 흡수하면 열소를 보충할 수 있습니다.

Q: 밤혼 가호 상태가 뭔가요? 밤혼 가호 상태에 진입하려면 어떻게 해야 하나요?

A: 나타 캐릭터는 「밤혼 가호」 상태에 진입하면 운동 능력과 전투력이 향상됩니다. 밤혼 가호 상태로 진입하는 가장 일반적인 방법은 원소전투 스킬을 발동하는 것입니다.
밤혼 가호 상태는 「밤혼」의 수치와 밀접한 관계가 있습니다. 예를 들어, 카치나가 쌩쌩이에 탑승해 이동하거나 공격할 경우, 밤혼이 소모됩니다. 밤혼이 소진되면 카치나의 밤혼 가호 상태가 종료되며 쌩쌩이도 사라집니다.

Q: 「밤혼 발산」은 어떻게 발동하나요? 「밤혼 발산」의 효과로는 어떤 것이 있나요?

A: 파티 내에 나타 캐릭터가 있을 경우, 캐릭터가 적에게 원소피해를 줄 시 「밤혼 발산」이 발동됩니다. 파티 내에 나타 캐릭터가 많을수록 「밤혼 발산」의 발동 간격이 단축됩니다.
「밤혼 발산」은 캐릭터의 특성이나 성유물의 효과 등 다양한 부가 효과를 발동할 수 있습니다.

Q: 캐릭터를 교체했을 때 가끔 특수한 운동 상태로 진입하던데, 이건 뭔가요?

A: 이는 캐릭터의 「밤혼 전달」이 발동된 것입니다.
나타의 열소 메커니즘 구역에서, 특정 행동을 할 때 나타 캐릭터가 교체 등장하면, 「밤혼 전달」을 진행합니다: 해당 나타 캐릭터 등장 시, 캐릭터의 능력에 따라 특수한 이동을 진행합니다.
밤혼 전달의 발동 방식 및 구체적인 효과는 각 캐릭터의 「밤 영역의 선물」 특성을 참고해 주세요.

Q: 나타에서 빙의할 수 있는 용으로는 어떤 아이들이 있나요?

A: 나타에서는 산룡과 숲룡, 어룡, 명룡, 깃룡, 뿔룡까지 총 6종의 용에 빙의할 수 있습니다.

산룡에 빙의하면 땅속으로 파고 들어갈 수 있습니다. 이때 열소를 대가로 재빠른 전방위 이동이 가능해지는데, 심지어 절벽을 타고 오르내릴 수도 있습니다. 또한 땅속으로 파고든 상태에서는 짧은 거리를 빠르게 도약할 수 있습니다.

숲룡에 빙의하면 볼주머니에 넣어 둔 화염류탄 열매 끈끈이를 뱉어낼 수 있습니다. 이를 무거운 물체나 인장에 붙인 다음 몸을 끌어당기는 식으로 빠르게 이동할 수 있고, 이를 통해 장애물을 극복할 수도 있습니다. 뿐만 아니라 열소를 소모하면 짧은 간격을 두고 해당 행동을 연속으로 반복할 수 있습니다.

어룡에 빙의하면 물속을 빠르게 이동하거나 수면 위로 높이 점프할 수 있습니다. 또한 열소를 소모하면 액체 열소 안에서 헤엄을 칠 수 있습니다.

명룡에 빙의하면 높이 점프할 수 있고, 이때 열소를 소모하면 더 높은 곳으로 도약할 수 있습니다. 조준 버튼을 홀드하면 「영력 교감」 상태에 진입하는데, 이때는 시야 내에 존재하는 열소를 품은 사물의 힘을 흡수할 수 있습니다. 뿐만 아니라 명룡은 「특수한 원소 시야」를 전개하는 능력을 가지고 있습니다.

깃룡에 빙의하면 공중에서 활강을 할 수 있습니다. 이때 열소를 소모하면 더 높은 곳으로 상승하거나 일정 거리를 회전 대시로 이동할 수 있습니다.

뿔룡에 빙의하면 열소를 소모해서 재빠르게 돌진할 수 있습니다. 2단 대시 중인 뿔룡은 지형의 높낮이 차이를 이용해 도약할 수 있고, 잠시동안은 수면이나 액체 열소 위를 달릴 수도 있습니다. 또한 이때는 무거운 물체를 밀어내거나 분출암을 박살 내는 것도 가능합니다.

Q: 맵에 있는 열매 중에 어떤 건 폭발하던데, 왜 그런 건가요? 또 이건 어떻게 사용하는 건가요?

A: 해당 열매는 화염류탄 열매라는 것으로, 열소를 함유하고 있는 나타의 식물입니다. 이 열매는 불 원소 공격을 받으면 폭발합니다.
「나무살이」 부족원의 갈고리줄이나 숲룡의 능력을 활용하면 화염류탄 열매를 채취한 다음 던져서 폭탄으로 사용할 수 있습니다.

Q: 나타에는 어떤 부족들이 있나요?

A: 나타에는 총 여섯 개의 부족이 있습니다. 이들은 각각 「메아리 아이」 부족, 「나무살이」 부족, 「샘물 무리」 부족, 「연기 주인」 부족, 「꽃깃회」 부족, 「비옥한 터전」 부족이라 불립니다.

Q: 분명히 불 탈취자의 비밀섬 워프 포인트를 개방했는데, 왜 맵에 섬의 지형이 표시되지 않는 건가요?

A: 섬이 있는 지역에서 4종 도전을 찾아내 완료하면 맵에 「불 탈취자의 비밀섬」이 표시됩니다.

Q: 월드에서 빛의 고리처럼 생긴 오브젝트는 어떤 용도로 사용되는 건가요?

A: 해당 오브젝트는 「기체 열소 덩어리」라는 것으로, 깃룡과 일부 「꽃깃회」 부족원은 이것을 활용하면 일정 시간 동안 열소가 가득 찬 상태로 유지되는 열소 충만 상태에 진입할 수 있습니다. 해당 상태에서 낙하 공격을 진행하면 잠시 동안 유지되는 열소 윈드 필드가 생성됩니다.

Q: 거울벽산 왼쪽에 있는 안개로 뒤덮인 섬은 어떻게 해금하나요?

A: 섬으로 이동한 다음, 월드 임무 「표류깃 해안의 미스터리」를 완료하면 섬이 해금됩니다.

Q: 월드에 색칠이 되어 있고 주울 수 있는 작은 요정은 뭔가요? 얘는 어떤 역할을 가지고 있나요?

A: 이것의 이름은 염색 매니투로, 빨간색과 노란색, 파란색의 세 가지 색상이 있습니다. 색상이 서로 다른 매니투를 2개 이상 모으면 서로 혼합해서 새로운 색을 만들 수 있습니다. 매니투를 주운 다음 염색 돌이나 그라피티 위로 던지면 색깔이 바뀌는 것을 확인할 수 있습니다.

Q: 연기 주인의 일곱신상 주변에 있는 마무르의 염색 돌 도전에서 여러 번이나 제대로 색칠했는데 왜 계속 도전에 실패하는 건가요?

A: 명룡에 빙의한 다음 「지친 명룡」과 대화하면 명룡을 돕는 방식으로 사기꾼의 수수께끼를 해결할 수 있습니다.

Q: 심의회에 있는 콘텐츠의 목표는 뭔가요?

A: 심의회에는 조그만 구체(고체화 구슬)와 이에 일대일로 대응하는 수신기 고리가 있습니다. 이들은 각 쌍마다 선으로 연결되어 있으므로 해당 이펙트를 참고하면 무엇이 어디에 연결되어 있는지 확인할 수 있습니다. 대응 관계를 확인한 다음 숲룡이나 「나무살이」 소속 캐릭터의 능력을 활용하여 구슬을 알맞은 고리로 옮기면 됩니다.

Q: 심의회에서 구슬을 든 상태로 바깥으로 나가려고 하면 붉은 벽에 가로막히게 되는데, 왜 이러는 건가요?

A: 조그만 구체(고체화 구슬)는 주변에 있는 기체 열소와 액체 열소를 고체 열소로 바꾸는 능력을 가지고 있으므로, 이를 가지고 있는 상태로는 심의회 바깥으로 나갈 수 없습니다. 단, 구슬을 들고 있지 않은 상태로 방 밖으로 나가서 벽 너머로 우회한 다음, 벽의 틈새를 통해 구슬을 빼내면 액체 열소 구역을 통과할 수 있습니다.

Q: 풍요의 들판 좌측 하단의 바다에 있는 섬으로 가보니까 HP 게이지가 있는 비밀근원 용조각상이 있던데, 얘를 쓰러뜨리려면 어떻게 해야 하나요?

A: 주변에 있는 벽을 살펴보면 탐조등이 달린 유적 기계를 확인할 수 있습니다. 탐조등 범위 안으로 들어가면 벽면에 설치된 대포가 포탄을 발사합니다. 이를 활용해서 공중에 떠 있는 비밀근원 용조각상을 처치하면 됩니다.

Q: 역행의 땅에서 가장 높은 지점으로 올라가는 도중에 막혔어요. 뭔가 힌트 같은 거 없나요?

A: 해당 구역의 목표는 열소가 흐르는 수로를 조정해서 더 높은 곳으로 향하게 만드는 것입니다. 하단 플랫폼에 있는 고체화 구슬의 상태를 적절한 타이밍에 바꾸거나, 비밀근원 하인을 알맞은 위치로 유도하는 것이 중요합니다.

Q: 「느긋한 휴양촌」은 기간 한정 지역인가요?

A: 「느긋한 휴양촌」은 나타에 새로이 추가된 상시 오픈 지역이므로 언제든지 해당 지역을 탐사할 수 있습니다.

Q: 「느긋한 휴양촌」 지역에서 빙의할 수 있는 메니투는 뭔가요?

A: 아샤는 느긋한 휴양촌 주변에서 활동하는 특이한 매니투입니다. 이들은 물감을 능숙하게 다루기 때문에 아샤에게 빙의하면 물감탄을 던져 공격하거나 색을 입힐 수 있습니다. 홀드 시 조준 모드에 진입합니다.

또한 아샤는 일정 거리를 빠르게 이동할 수 있으며, 버튼을 홀드하면 이동 방향을 선택할 수 있습니다. 점프 버튼을 홀드하면 더 높이 뛸 수 있고, 공중에서 조준 버튼을 홀드하면 을 던질 방향을 지정할 수 있습니다. 이때 아샤는 다시 점프를 진행할 때까지 공중 부유 상태를 유지합니다.

Q: 「느긋한 휴양촌」 맵에 존재하는 분홍색 별은 어떤 역할을 하나요?

A: 느긋한 휴양촌에서 아샤에게 빙의하면 상호작용할 수 있는 오브젝트입니다. 상호작용 버튼을 누르면 별이 있는 위치로 빠르게 이동합니다.

(어떤 별은 색채 궤적을 연결할 수 있습니다. 궤적을 연결하는 별과 상호작용하면 아샤가 자동으로 색채 궤적에 빙의하며, 이렇게 하면 공중에서 움직일 수 있습니다.)

Q: 「느긋한 휴양촌」 지역에 존재하는 물체 중에 색을 칠할 수 있는 건 어떤 것인가요?

A: 하안 점 구역에 있는 물체에는 색을 칠할 수 있습니다. 해당 구역은 색칠 구역이라 부르며, 자유롭게 물감을 사용해 해당 구역의 색깔을 바꿀 수 있습니다. 특정 구역을 모두 색칠하면 놀라운 일이 벌어질지도 모릅니다….

Q: 거품 꽃바다에서 꽃바다를 전부 색칠했는데 왜 도전이 완료되지 않는 건가요?

A: 도중에 색칠이 완전히 되지 않은 곳이 있는지 확인해 보시기 바랍니다.
「장식 색칠하기」와 「물감 분사기를 결승점까지 밀기」의 두 가지 임무 목표를 모두 달성하면 도전이 완료됩니다.",https://account.universe.example,,,QNA-GSN-23
universe_qna_onlydaily,게임_문제,「수메르」 지역 FAQ,"Q: 제 맵의 워프 포인트는 왜 다른 사람보다 적을까요?

A: 일부 워프 포인트 및 일곱신상은 개방하기 전까지 월드맵에 표시되지 않습니다. 월드 임무를 진행하거나 다양한 지역을 탐사해 더 많은 워프 포인트와 일곱신상을 개방해 보세요.

Q: 넝쿨이 감겨 있는 돌은 어떻게 푸나요?

A: 「상서로운 가지」를 사용하여 「풀 씨앗」을 획득한 후, 강공격 및 조준 사격으로 「풀 씨앗」을 발사해 명중시키면 목표물을 파괴할 수 있습니다.

Q: 하늘에 떠 있는 둥근 녹색 그물은 어떻게 푸나요?

A: 「상서로운 가지」를 사용하여 「풀 씨앗」을 획득한 후, [강공격] 및 [조준 사격]으로 「풀 씨앗」을 발사해 명중시키면 목표물을 활성화할 수 있습니다.

Q: 절벽이나 땅 위에 있는 노란빛을 내는 꽃은 어디에 쓰나요?

A: 이 식물을 만지면 귀중한 「스태미나」가 회복됩니다.

Q: 이 기이하게 생긴 아치는 무엇인가요?

A: 이 기이한 아치는 「환몽의 문」이라 불립니다. 「환몽의 문」 앞에서 「낡은 하프」로 아란나가 가르쳐준 멜로디를 연주해 문을 깨운 후, 안으로 들어가면 도전을 시작할 수 있습니다.

Q: 월드 임무 「아그니호트라 수트라」를 완료한 후 임무 아이템인 「쿠사바」가 사라졌습니다. 부서진 원소 비석을 어떻게 복구해야 하나요?

A: 「수메르」 지역의 일부 부서진 원소 비석의 경우, 「낡은 하프」로 「소생의 멜로디」를 연주해 원소 비석을 복구할 수 있습니다.

Q: 죽음의 땅을 어떻게 청소하나요?

A: 죽음의 땅에 있는 모든 「죽음의 땅의 마디」를 파괴하고 죽음의 땅을 수호하는 적을 처치한 후, 「죽음의 땅의 혹」에 다가가 상호작용을 통해 「죽음의 땅의 혹」을 파괴하면 죽음의 땅을 청소할 수 있습니다.

Q: 왜 캐릭터의 일반 공격으로는 「죽음의 땅의 마디」를 파괴할 수 없나요?

A: 죽음의 땅을 청소하기 위해서는 반드시 「풀 씨앗」의 힘이 필요합니다. 「풀 씨앗」을 통해서만 죽음의 땅의 에너지를 퍼뜨리는 「죽음의 땅의 마디」를 파괴할 수 있습니다. 근처의 「상서로운 가지」를 찾아 「풀 씨앗」을 획득한 후 [강공격] 및 [조준 사격]으로 목표를 명중시켜 「죽음의 땅의 마디」를 파괴하세요.

Q: 예전에 분명히 활성화했던 「꽃잎 주머니」가 다시 풀 원소를 사용해 활성화해야 하는 상태로 바뀌어 있어요.

A: 수메르 지역의 「꽃잎 주머니」가 퍼뜨리는 「클로버 인장」은 24시간이 지나면 다시 꽃잎 주머니로 되돌아갑니다.

Q: 「수천삼림」에서 나무에 고인 물에 잠겨 있는 보물상자는 어떻게 여나요?

A: 「바루나 신기」를 조작해 날씨를 바꿔, 여러 수수께끼를 풀고 보물상자를 열어보세요.

Q: 어떻게 해야 「바루나 신기」를 조작해 수천삼림의 날씨를 바꿀 수 있나요?

A: 월드 임무 「비마나 경전」 완료 후, 「바루나 신기」 근처에서 「낡은 하프」로 「원천의 멜로디」를 연주한 뒤 상호작용하면 수천삼림의 날씨를 바꿀 수 있습니다.

Q: 「낡은 하프」는 어떻게 얻나요?

A: 월드 임무 「아란나라의 세계」를 완료하면 아이템 「낡은 하프」를 획득할 수 있습니다.

Q: 바마다 옆에서 낡은 하프를 연주해도 반응이 없어요.

A: 「낡은 하프」로 「바마다의 멜로디」를 연주하면 바마다를 활성화할 수 있으며, 공격을 통해 바마다를 활성화해야 바마다를 돌릴 수 있습니다.

Q: 이 물건은 왜 부서진 상태인가요? 어떻게 해야 조작할 수 있나요?

A: 일부 「삼상 생물」은 번개 원소로 활력 상태가 되면 「진실의 파동」을 방출합니다. 어쩌면 숨겨진 사물을 드러나게 해줄지도 모릅니다…

Q: 이 날아다니는 하얀 것은 무엇인가요?

A: 이것은 「삼승 씨앗」입니다. 삼승 씨앗은 건조 상태일 때는 멈추고, 일반 상태일 땐 일정 궤도에 따라 움직이며, 번개 원소로 활력 상태가 되면 더 큰 「진실의 파동」을 방출해 방출 범위 내에 숨겨진 사물을 드러나게 해줍니다.

Q: 「삼승 씨앗」이 건조 상태로 움직이지 않아요. 어떻게 해결해야 하나요?

A: 먼저 풀 원소를 사용해 「삼승 씨앗」을 일반 상태로 돌려놓은 뒤 활성화할 수 있습니다.

Q: 맵에서 아란나라를 발견했을 때 다가가면 왜 도망쳐버릴까요?

A: 월드 임무 「아란나라의 세계」를 완료하면 「수메르」 지역 곳곳에 퍼져있는 아란나라들과 교류할 수 있습니다.

Q: 맵을 돌아다니다 보면 간혹 나타나는 이 상호작용 버튼은 어디에 쓰나요?

A: 맵을 돌아다니다 보면 상호작용할 수 있는 「클로버 인장」을 발견할 수 있습니다. 원소를 제어할 수 있는 사람이 「클로버 인장」과 마주하고 있으면 인장의 힘을 사용해 빠르게 이동할 수 있습니다.

Q: 봉인된 유적 장치는 어떻게 푸나요?

A: 유적 장치를 봉인하는 열쇠인 「독특한 돌기둥」을 찾아, 불 원소를 이용해 돌기둥에 깃든 힘을 제거하면 장치의 봉인을 풀 수 있습니다.

Q: 왜 여기에선 풀 씨앗을 얻을 수 없나요?

A: 「새싹이 돋은 나뭇가지」 근처에서 「낡은 하프」로 「새싹의 멜로디」를 연주하면 「건강한 풀 씨앗」을 얻을 수 있습니다.

Q: 왜 풀 씨앗으로 아무리 공격해도 반응이 없을까요?

A: 알맞은 멜로디를 연주해 「새싹이 돋은 나뭇가지」를 활성화하고 「건강한 풀 씨앗」을 획득한 후, 강공격 또는 조준 사격으로 「건강한 풀 씨앗」을 발사해 명중시키면 목표물을 활성화할 수 있습니다.

Q: 타이나리의 고유 특성 「해박한 지식」으로 맵에 수메르 장미가 표시되지 않아요.

A: 비파랴스, 수메르 장미 등 일부 식물 및 재료는 수메르 지역 특산물에 포함되지 않습니다.",https://account.universe.example,,,QNA-GSN-24
universe_qna_onlydaily,게임_문제,「캐릭터 이벤트 기원-2」 FAQ,"Q: 「캐릭터 이벤트 기원-2」는 언제 오픈하나요?

A: 2025년 1월 1일부터는 복각 ★5 캐릭터뿐만 아니라 신규 ★5 캐릭터도 「캐릭터 이벤트 기원-2」에 등장할 수 있게 됩니다. 「캐릭터 이벤트 기원-2」는 비정기적으로 오픈되며, 구체적인 오픈 시간은 공지를 통해 안내해 드릴 예정입니다.

Q: 「캐릭터 이벤트 기원-2」는 「캐릭터 이벤트 기원」의 천장을 이어받나요?

A: 「캐릭터 이벤트 기원」 및 「캐릭터 이벤트 기원-2」의 기원 횟수가 공유되며, 「캐릭터 이벤트 기원」 및 「캐릭터 이벤트 기원-2」에 누적됩니다. 다른 기원과는 기원 횟수가 따로 계산됩니다.

예시:

[★5 아이템]

1. 「캐릭터 이벤트 기원」에서 기원 50회 동안 ★5 캐릭터를 획득하지 못한 상태에서 「캐릭터 이벤트 기원-2」에서 기원을 진행하면, 최대 40회 이내에 천장에 도달하여 「캐릭터 이벤트 기원-2」의 ★5 캐릭터를 획득하게 됩니다.

2. 「캐릭터 이벤트 기원」에서 획득한 ★5 캐릭터가 이번 UP 캐릭터가 아닐 경우, 이어서 「캐릭터 이벤트 기원-2」에서 기원을 진행하여 획득하는 ★5 캐릭터는 반드시 「캐릭터 이벤트 기원-2」의 ★5 UP 캐릭터입니다.

[★4 아이템]

1. 「캐릭터 이벤트 기원」 기원 6회 동안 ★4 아이템을 획득하지 못한 상태에서 「캐릭터 이벤트 기원-2」에서 기원을 진행하면, 최대 4회 이내에 천장에 도달하여 「캐릭터 이벤트 기원-2」의 ★4 이상의 아이템을 획득하게 됩니다.

2. 「캐릭터 이벤트 기원」에서 획득한 ★4 아이템이 이번 UP 캐릭터가 아닐 경우, 이어서 「캐릭터 이벤트 기원-2」에서 기원을 진행하여 획득하는 ★4 아이템은 반드시 「캐릭터 이벤트 기원-2」의 ★4 UP 캐릭터입니다.

Q: 「캐릭터 이벤트 기원-2」 종료 후 「캐릭터 이벤트 기원-2」의 천장을 이어받게 되나요?

A: 그렇습니다. 「캐릭터 이벤트 기원」 및 「캐릭터 이벤트 기원-2」의 기원 횟수는 완전히 공유되어 「캐릭터 이벤트 기원-2」가 종료돼도 해당 기원의 기원 횟수는 후속 「캐릭터 이벤트 기원」 및 「캐릭터 이벤트 기원-2」에서 이어받게 됩니다.

Q: 「별빛 포착」 메커니즘은 어떤 상황에서 발동하나요?

A: 「캐릭터 이벤트 기원」과 「캐릭터 이벤트 기원-2」에서 확률 UP ★5 캐릭터의 출현이 확정된 상황이 아닐 경우, 기원에서 ★5 캐릭터 획득 시 일정 확률로 「별빛 포착」 메커니즘이 발동합니다. 「별빛 포착」이 발동하면 해당 기원의 결과가 이번 확률 UP ★5 캐릭터를 획득하는 것으로 변경됩니다.",https://account.universe.example,,,QNA-GSN-25
universe_qna_onlydaily,게임_문제,게임 최저 사양 및 권장 사양,"「첫 번째 달」 버전의 최저 사양 및 권장 사양은 다음과 같습니다.

〓최저 사양 및 권장 사양〓

▌안드로이드

● 지원 사양

Arm v8a 64비트 디바이스

파워 VR 아키텍처가 아닌 GPU

SoC: 퀄컴 스탭드래곤 660(Adreno 512) 또는 Helio-G8(Mali-G52) 이상

RAM: 4GB 이상

OS: Android 10.0 이상 버전

저장 공간: 40 GB 이상의 여유 공간 필요

● 권장 사양

SoC: 퀄컴 스냅드래곤 855 / 미디어텍 Dimensity 1000 / 화웨이 기린 980 이상

RAM: 6GB 이상

OS: Android 12.0 이상 버전

저장 공간: 60 GB 이상의 여유 공간 필요

▌iOS

디바이스: iPhone 8 Plus 또는 iPhone X, iPad mini(5세대) 또는 iPad Air(3세대) 또는 iPad(8세대) 또는 더 높은 사양

SoC: Apple A11 이상의 SoC가 탑재된 iPhone 디바이스 또는 Apple A12 이상의 SoC가 탑재된 iPad 디바이스

RAM: 3GB 이상

OS: iOS 14.0 이상 버전

디바이스: iPhone 12 시리즈 또는 iPad(9세대) 또는 더 높은 사양

SoC: Apple A13 이상

▌PC

● 최저 사양

운영 체제: Windows 10 64-bit

CPU: 6세대 Intel® Core™ i5 또는 AMD Ryzen™ 시리즈, 또는 동급 CPU

RAM: 8GB

외장 그래픽카드: NVIDIA® GeForce® GTX 1050 또는 동급 사양

내장 그래픽카드: Intel® Iris® Xe 또는 동급 사양

DirectX 버전: 11

저장 공간: 110 GB 이상의 여유 공간 필요

운영 체제: Windows 10 64-bit 또는 Windows 11 64-bit

CPU: 7세대 Intel® Core™ i7 또는 AMD Ryzen™ 5000 시리즈, 또는 더 높은 사양

RAM: 16GB RAM

외장 그래픽카드: NVIDIA® GeForce® GTX 1060 6GB 또는 더 높은 사양

※ 보다 원활한 플레이를 위해, 게임을 SSD에 설치하시길 권장합니다.

▌PlayStation®

PlayStation®5

저장 공간: 150 GB 이상의 여유 공간 필요

▌Xbox:

Xbox Series X|S

디바이스 성능이 낮은 경우 게임 설치 불가, 실행 불가, 블랙 스크린, 렉 발생 등의 문제가 발생할 수 있습니다.",https://account.universe.example,,,QNA-GSN-26
universe_qna_onlydaily,게임_문제,기원 이벤트 공용 FAQ,"Q: 같은 캐릭터를 중복 획득하면 어떻게 되나요?

A: 어떤 방식(기원, 상점 교환, 시스템 증정 등)으로 획득하든 2번째부터 7번째까지 동일한 ★5 캐릭터 획득 시 상응하는 캐릭터의 운명의 별 1개와 주인 없는 스타라이트 10개를 획득합니다. 8번째 이후부턴 주인 없는 운명의 별 1개와 주인 없는 스타라이트 25개로 전환됩니다.

어떤 방식(기원, 상점 교환, 시스템 증정 등)으로 획득하든 2번째부터 7번째까지 동일한 ★4 캐릭터 획득 시 상응하는 캐릭터의 운명의 별 1개와 주인 없는 스타라이트 2개를 획득합니다. 8번째 이후부턴 주인 없는 스타라이트 5개로 전환됩니다.

Q: 기원 확률은 어디서 확인할 수 있나요?

A: 기원 이벤트 화면 왼쪽 하단의 「상세」 버튼을 누르면 확률 관련 정보를 확인할 수 있습니다.
공식 홈페이지에도 기원 이벤트 확률 관련 정보가 공시되어 있습니다.

Q: 부산물(스타더스트와 스타라이트)은 어떻게 획득하는 건가요? 또 이것들로 무엇을 할 수 있나요?

A: 기원으로 ★5 무기 획득 시 주인 없는 스타라이트 10개를 부산물로 획득합니다. ★4 무기 획득 시 주인 없는 스타라이트 2개를 부산물로 획득합니다. ★3 무기 획득 시 주인 없는 스타더스트 15개를 부산물로 획득합니다.

기원에서 새로운 캐릭터를 획득할 때에는 부산물이 생성되지 않습니다. 캐릭터를 중복 획득할 경우, 일정 수량의 주인 없는 스타라이트가 지급됩니다. 자세한 내용은 「중복된 캐릭터 획득 시」 항목에 기재된 규칙을 참고해 주세요.

주인 없는 스타더스트와 주인 없는 스타라이트는 상점-더스트 라이트 교환에서 아이템 교환에 사용할 수 있습니다.

Q: 주인 없는 운명의 별은 뭐고, 어떻게 얻을 수 있나요?

A: 모든 운명의 자리가 활성화된 ★5 캐릭터의 운명의 별을 획득할 경우, 주인 없는 운명의 별을 획득하게 됩니다.

해당 아이템을 사용하면 임의 선택한 캐릭터의 최대 레벨을 돌파할 수 있습니다.",https://account.universe.example,,,QNA-GSN-27
universe_qna_onlydaily,게임_문제,「묶음 기원」 FAQ,"Q: 「묶음 기원」은 언제 오픈되나요?

A: 「묶음 기원」은 복각 캐릭터 및 무기의 이벤트 기원으로, 비정기적으로 오픈됩니다. 구체적인 오픈 시간은 공지사항을 통해 알려드릴 예정입니다.

Q: 「묶음 기원」은 천장이 있나요? 또 천장이 계승되기도 하나요?

A: 「묶음 기원」의 기원 횟수는 「묶음 기원」에만 누적됩니다. 다른 기원과 기원 횟수가 따로 계산됩니다.

[★5 아이템]

★5 아이템의 기본 획득 확률은 0.600%이며, ★5 아이템의 총 획득 확률(천장 포함)은 1.600%입니다. 최대 90회 기원 시 ★5 아이템을 반드시 획득합니다.

[★4 아이템]

★4 아이템의 기본 획득 확률은 5.100%입니다. ★4 캐릭터의 기본 획득 확률은 2.550%, ★4 무기의 기본 획득 확률은 2.550%로, ★4 아이템의 총 획득 확률(천장 포함)은 13.000%입니다. 최대 10회 기원 시 ★4 이상의 아이템을 반드시 획득합니다.

Q: 한정 ★5 캐릭터는 언제 「묶음 기원」에 추가되나요?

A: 2025년 1월 21일 오픈되는 「묶음 기원」부터, 한정 5성 캐릭터는 「캐릭터 이벤트 기원」 또는 「캐릭터 이벤트 기원-2」에 최소 2번 이상 출현한 적이 있어야만 묶음 기원 목록에 추가됩니다. 최근에 「캐릭터 이벤트 기원」, 「캐릭터 이벤트 기원-2」 또는 「묶음 기원」에서 출현한 한정 ★5 캐릭터는 「묶음 기원」에 추가되지 않습니다.

Q: 묶음 궤도는 「묶음 기원」에서만 사용할 수 있나요?

A: 그렇습니다. 묶음 궤도는 해당 회차의 「묶음 기원」에서만 사용할 수 있으며, 선택한 아이템은 해당 회차의 「묶음 기원」에서만 적용됩니다.

Q: ★5 캐릭터를 선택했을 때나 ★5 무기를 선택했을 때나, 획득할 수 있는 ★5 아이템의 범위는 동일한가요?

A: 그렇지 않습니다. 운명을 정한 아이템이 ★5 캐릭터일 경우 기원으로 획득하는 ★5 아이템은 ★5 캐릭터로 한정되고, 운명을 정한 아이템이 ★5 무기일 경우 기원으로 획득하는 ★5 아이템은 ★5 무기로 한정됩니다.

Q: 운명 포인트는 어떻게 계산되나요?

A: 「묶음 기원」에서 기원으로 ★5 아이템을 획득할 경우에는 50.000% 확률로 이번 운명을 정한 아이템을 획득하게 됩니다. 획득한 ★5 아이템이 현재 운명 아이템이 아닐 경우 운명 포인트를 1pt 획득합니다. 운명 포인트가 최대치에 도달하면 이번 기원에서 획득하는 ★5 아이템은 반드시 현재 운명을 정한 아이템이 됩니다. 현재 운명 아이템을 획득하면 현재 운명 포인트는 최대치에 도달했는지와 상관없이 0으로 초기화되어 다시 누적됩니다.

운명을 정한 아이템은 변경할 수 있습니다. 운명을 정한 아이템을 변경하면 운명 포인트는 0으로 초기화되어 다시 누적됩니다.

Q: 운명 포인트는 다음 회차의 「묶음 기원」으로 계승되나요?

A: 계승되지 않습니다. 해당 회차 「묶음 기원」에서의 운명 포인트는 이벤트 기간 중에만 적용됩니다. 해당 회차 기원 종료 후 운명 포인트는 0으로 초기화되어 다시 누적됩니다.",https://account.universe.example,,,QNA-GSN-28
universe_qna_onlydaily,게임_문제,「수행의 길」 이벤트 FAQ,"Q: 운명의 별 보상을 교환할 때, 이미 모든 운명의 자리가 활성화된 캐릭터를 선택해도 운명의 별을 받을 수 있나요?

A: 네, 가능합니다.

선택할 수 있는 캐릭터의 조건은 다음과 같습니다.

※ 운명의 별을 교환할 때 획득하지 않은 캐릭터의 운명의 별은 교환할 수 없으며, 기존에 이미 「수행의 길」에서 운명의 별을 교환했던 캐릭터 역시 추가로 교환할 수 없습니다.

모든 운명의 자리가 활성화된 캐릭터를 선택하면 주인 없는 운명의 별 1개를 획득합니다.

Q: 기원에서 캐릭터를 중복 획득할 때는 해당 캐릭터의 운명의 별과 주인 없는 스타라이트를 함께 받았는데,

「수행의 길」 이벤트에서는 왜 운명의 별만 주는 건가요?

A: 기원을 통해 캐릭터를 획득할 때와는 달리, 「수행의 길」 이벤트에서는 선택한 캐릭터의 운명의 별만 보상으로 지급되고 주인 없는 스타라이트는 주어지지 않습니다.",https://account.universe.example,,,QNA-GSN-29
universe_qna_onlydaily,게임_문제,「폰타인」 지역 FAQ,"Q: 폰타인에 도착했는데 왜 잠수할 수 없나요?

A: 「폰타인」 지역에 도착하면, 임의의 「물의 일곱신상」을 해금해 「폰타인의 축복」을 획득해야 물속에서 자유롭게 이동할 수 있습니다.

Q: 왜 다른 지역에서는 잠수할 수 없나요?

A: 물속에서 자유롭게 움직일 수 있게 해주는 「폰타인의 축복」은 폰타인 지역에서만 적용됩니다.

Q: 물속에서는 원소전투 스킬과 원소폭발을 사용할 수 없는데, 전투는 어떻게 진행하나요?

A: 「일반 공격」 버튼을 누르면 「기이한 바다의 원천」의 힘을 발동해서 공격할 수 있습니다. 혹은 일부 특별한 「이색」 원류바다 이종을 공격하면 잠시 동안 그들의 힘을 사용할 수 있습니다. 이때 「원소전투 스킬」을 짧게 누르거나 홀드하면 상응하는 「이색」 원류바다 이종의 힘을 사용해서 공격할 수 있습니다.

Q. 획득할 수 있는 「이색」 원류바다 이종의 힘은 몇 가지인가요?

A. 4.0 버전에서 획득할 수 있는 「이색」 원류바다 이종의 힘은 세 가지입니다.

① 이색 칼날 가오리의 능력: 예리하고 긴 원류바다 물의 칼날을 발동합니다. 홀드하면 조준 모드로 진입할 수 있습니다. 해당 능력을 사용하면 원류바다 해초의 약점을 절단해 제거할 수 있습니다. 단단한 약점은 특수한 빛을 내는데, 이때는 한 번에 여러 개를 처리해야 합니다.

② 이색 중갑 게의 능력: 공격을 막을 수 있는 중갑 보호막을 생성하고, 균열이 있는 바위를 부술 수 있는 충격파를 발동합니다. 홀드 중에는 보호막이 지속되며, 스킬 버튼에서 손을 떼면 조준한 방향으로 충격파를 방출합니다. 해당 기간에 공격을 받으면 더욱 강력한 에너지 탄을 발사합니다.

③ 이색 탱탱 물범의 능력: 탐지 효과를 지닌 탱탱 음파를 방출합니다. 홀드 시 조준 상태로 계속해서 음파를 방출할 수 있습니다.

Q. 폰타인의 프뉴마, 우시아 속성이 뭔가요?

A. 프뉴마와 우시아는 폰타인의 생물과 토양, 대기, 그리고 수맥이 가진 성질입니다. 만약 서로 다른 두 성질의 에너지가 만나면 상호 소멸하여 더욱 강한 에너지가 발생합니다. 폰타인에 존재하는 많은 태엽 장치는 해당 에너지로 작동합니다. 하지만 이 에너지 공급은 안정적이지 않아서, 우시아나 프뉴마 에너지의 특징이 드러나곤 합니다. 반대 성질로 공격하면 에너지의 과부하를 일으켜 에너지를 잃게 할 수 있습니다.",https://account.universe.example,,,QNA-GSN-30
universe_qna_onlydaily,게임_문제,별바다 세계 플레이 관련 자주 묻는 질문,"Q: 「별바다 세계」에서 별세계를 플레이하려면 어떻게 해야 하나요?

A: 「별바다 세계」의 공동 로비나 개인 로비로 이동하면 별세계를 플레이할 수 있습니다.

「일상이 메뉴-로비」의 로비 목록을 통해서도 공동 로비나 개인 로비로 입장할 수 있습니다. 또한 메인 화면 우측 상단의 「인기 별세계」를 누르면 원하는 스테이지를 선택해서 빠르게 로비로 이동해 플레이를 시작할 수 있습니다.

스테이지를 플레이한 이후에는 「일상이 메뉴-로비」의 로비 목록에서 우측 상단의 티바트로 돌아가기 버튼을 누르면 티바트로 돌아가 모험을 이어 나갈 수 있습니다. 이밖에도 맵을 통해 직접 티바트로 돌아가는 방법도 있습니다.

Q: 취향에 맞는 별세계 스테이지를 찾으려면 어떻게 해야 하나요?

A: 「인기 별세계」 화면에서 마음에 드는 별세계를 찾아볼 수도 있고, 「인기 별세계」 화면 우측 상단의 [모든 별세계] 버튼을 누르면 더 많은 별세계를 둘러볼 수 있습니다. 추가로 [모든 별세계]에서 검색과 필터링 기능을 활용하면 취향에 맞는 별세계를 찾을 수 있습니다.

Q: 「별바다 세계」 로비에서 티바트로 돌아가려면 어떻게 해야 하나요?

A: 「일상이 메뉴-로비」의 로비 목록에서 우측 상단의 「티바트로 돌아가기」 버튼을 누른 다음 「확인」을 선택하면 티바트로 돌아갈 수 있습니다.

이밖에도 맵을 열어서 티바트 대륙의 워프 포인트로 바로 워프할 수도 있습니다.",https://account.universe.example,,,QNA-GSN-31
universe_qna_onlydaily,게임_문제,캐릭터 획득,"메인 스토리 진행 외에도 기원을 통해 캐릭터를 획득할 수 있습니다.
「바람을 따라 온 기사」 임무 완료 후 게임 내 기원 기능이 오픈합니다. 관련 아이템을 소모해 기원을 진행하면 확률적으로 캐릭터를 획득할 수 있습니다(자세한 사항은 기원 설명에서 확인 가능합니다)",https://account.universe.example,,,QNA-GSN-32
universe_qna_onlydaily,게임_문제,「지맥 제압전」 이벤트 FAQ,"Q: 소모한 레진이 동일하다고 가정했을 때, 「지맥 제압전」 이벤트에서 획득하는 선택한 축성 비경의 보상의 양과 평상시에 똑같은 축성 비경에 도전했을 때 획득하는 보상의 양은 같나요?
A: 완전히 동일합니다. 참고로 두 가지 경우에서 획득할 수 있는 보상은 모라, 호감도 경험치, 성유물 등입니다.
일반 축성 비경과 마찬가지로, 「지맥 제압전」 이벤트에서 획득하게 되는 성유물은 「선택한 축성 비경에서 획득 가능한 성유물」의 범위 내에서 랜덤으로 출현합니다.
선택한 축성 비경의 보상에서 특정 성유물만 획득 가능한 것은 아니니 이 점 유의해 주시기 바랍니다.

Q: 평소에 사용하던 방법으로 보스를 상대했는데 왜 잘 먹히지 않는 건가요?
A: 「지맥 제압전」 이벤트에서 마주하게 되는 보스는 티바트 각지에 존재하는 다른 보스와 동일한 외형을 하고 있지만, 지맥 혼란의 영향으로 인해 전투력이나 패턴이 다를 수 있습니다. 때문에 기존에는 유효했던 대응 전략으로는 상대하기 어려울 수도 있습니다.
또한 「지맥 제압전」 이벤트에서는 난이도에 따라 적의 전투력과 특징이 달라집니다. 이벤트 상세 화면에서 정보를 확인한 다음, 적의 특징에 맞춰서 상대할 필요가 있습니다.",https://account.universe.example,,,QNA-GSN-33
universe_qna_onlydaily,게임_문제,「초보자 기원」 FAQ,"Q: 초보자 기원 오픈 및 종료 시간은 어떻게 되나요?

A: 초보자 추천 기원은 영구성 기원 이벤트로, 티바트 대륙에 처음 발을 들인 여행자님을 위한 추천 기원입니다. 해당 기원은 횟수 제한이 존재합니다. 여행자 1명당 최대 20회까지 진행할 수 있으며, 기원을 20회 진행하면 해당 이벤트 기원 화면은 사라지게 됩니다.

Q: 초보자 기원에 적용되는 할인에 대해 자세히 알려 주세요.

A: 해당 기원에서는 10연차에 소모되는 만남의 인연 개수에 20% 할인이 적용됩니다. 또한 첫 10연차 시 100% 확률로 「수여받지 못한 꽃·노엘(바위)」를 획득할 수 있습니다. 2번째 10연차 시에는 100% 확률로 ★4 이상의 캐릭터를 획득할 수 있습니다.

Q: 초보자 기원에서는 무기와 캐릭터가 동시에 나오나요?

A: 그렇습니다.
보다 자세히 말씀드리자면, ★4 및 ★5 아이템은 캐릭터만, ★3 아이템은 무기만 나옵니다.",https://account.universe.example,,,QNA-GSN-34
universe_qna_onlydaily,게임_문제,별세계 저작권 관련 FAQ,"Q: 제가 만든 창작물을 무단으로 사용하고 있다고 생각되는 별세계를 발견한 경우에는 어떻게 신고해야 하나요?

A: 별세계 저작권 센터를 방문해서 이의 제기를 제출해 주시기 바랍니다.

https://support.universe.example",https://account.universe.example,,,QNA-GSN-35
universe_qna_onlydaily,게임_문제,「신의 주조」 FAQ,"Q: 무기 이벤트 기원에서는 무기만 나오는 건가요?

A: 아닙니다.
보다 자세히 말씀드리자면, ★5 아이템은 무기만, ★4 아이템은 캐릭터와 무기가, ★3 아이템은 무기만 나옵니다.

Q: 「무기 이벤트 기원」은 천장이 있나요? 또 천장이 계승되기도 하나요?

A: [★5 아이템]

이번 「신의 주조」 이벤트 기원에서 ★5 무기의 기본 획득 확률은 0.70%이며, 총 획득 확률(천장 포함)은 1.85%입니다. 최대 80회 기원 시 ★5 무기를 반드시 획득합니다.

기원에서 ★5 무기 획득 시, 75% 확률로 이번 확률 UP 무기 중 하나가 출현합니다. 만약 이번 기원에서 획득한 ★5 무기가 확률 UP 무기가 아닐 경우, 다음에 획득하는 ★5 무기는 반드시 확률 UP 무기가 됩니다.

[★4 아이템]

이번 「신의 주조」 이벤트 기원에서 ★4 아이템의 기본 획득 확률은 6.00%이며, 총 획득 확률(천장 포함)은 14.50%입니다. 최대 10회 기원 시 ★4 이상 아이템을 반드시 획득합니다.

기원에서 ★4 아이템 획득 시, 75% 확률로 이번 확률 UP 무기 중 하나가 출현합니다. 만약 이번 기원에서 획득한 ★4 아이템이 확률 UP 무기가 아닐 경우, 다음에 획득하는 ★4 아이템은 반드시 확률 UP 무기가 됩니다.

무기 이벤트 기원의 기원 횟수는 무기 이벤트 기원에만 누적되며, 다른 기원과는 기원 횟수가 따로 계산됩니다.

Q: UP 무기는 언제 일반 기원에 추가되나요?

A: 일반 기원 아이템이 업데이트될 경우, 공지를 통해 안내해 드릴 예정입니다.

Q: 무기 이벤트 기원은 나중에 복각하기도 하나요?

A: 기원 관련 이벤트는 공지를 통해 안내해 드릴 예정입니다.

Q: 신의 궤도는 「신의 주조」(무기 이벤트) 기원에서만 사용할 수 있나요?

A: 네. 신의 궤도는 해당 회차 「신의 주조」 무기 이벤트 기원에서만 사용할 수 있습니다. 또한 선택한 무기는 해당 회차 「신의 주조」 무기 이벤트 기원에서만 적용됩니다.

Q: 운명 포인트는 어떻게 계산되나요?

A: 해당 회차 「신의 주조」 무기 이벤트 기원에서 「신의 궤도」를 통해 무기를 선택한 후 선택하지 않은 ★5 무기를 획득한 경우 운명 포인트 1pt를 획득합니다. 운명 포인트가 최대치에 도달하면 해당 회차의 기원에서 획득하는 ★5 무기는 반드시 선택한 무기가 됩니다. 선택한 무기를 획득하면 현재 운명 포인트는 최대치에 도달했는지와 상관없이 0으로 초기화되어 다시 누적됩니다.

「신의 궤도」에서 무기를 선택하지 않았을 경우 운명 포인트는 누적되지 않습니다.
무기의 선택 상태는 변경 또는 취소할 수 있습니다. 무기의 선택 상태를 변경 또는 취소하면 운명 포인트는 0으로 초기화되어 다시 누적됩니다.

Q: 운명 포인트는 다음번 「신의 주조」 무기 이벤트 기원으로 계승되나요?

A: 계승되지 않습니다. 해당 회차 「신의 주조」 무기 이벤트 기원에서의 운명 포인트는 이벤트 기간 중에만 적용됩니다. 해당 회차 기원 종료 후 운명 포인트는 0으로 초기화되어 다시 누적됩니다.",https://account.universe.example,,,QNA-GSN-36
universe_qna_onlydaily,게임_문제,「이나즈마」 지역 월드 임무 관련 FAQ,"Q: 「타타라 모노가타리」 임무 진행 시, NPC와 대화하면 다음 임무로 넘어갈 수 없는 이유는 무엇입니까?

A: 매일 04:00 이후에 후속 임무를 수령할 수 있습니다.

Q: 「타타라 모노가타리」 임무 진행 시, 이미 「미카게 용광로」 근처의 임무 지점에 있음에도 불구하고, 여전히 다음 단계로 진행되지 않는 이유는 무엇입니까?

A: 여행자는 임무 지점에서 「사진기」를 사용하여 촬영해야만 계속해서 후속 임무를 진행할 수 있습니다.

Q: 「오로바시유사」 임무 진행 시, 두 개의 잃어버린 부품 두 개 중 하나를 획득했지만 원소 시야가 이미 아이템을 획득한 장소로 계속 인도하는 이유는 무엇입니까?

A: 감실 주변에 다른 장소를 가리키는 흔적이 있습니다. 여행자는 원소 시야에서 다시 주변의 힌트를 관찰할 수 있습니다.

Q: 「벚나무 치료」 임무 중, 어떻게 번개의 벚나무를 치료하나요?

A: 원소 시야를 사용해서 표시된 지점을 찾은 후, 낙뢰를 표시된 지점으로 유도해야 합니다.",https://account.universe.example,,,QNA-GSN-37
universe_qna_onlydaily,게임_문제,별바다 세계 「축원」 규칙 설명 및 자주 묻는 질문(FAQ),"Q: 「일반 축원」과 「이벤트 축원」이란 무엇인가요? 축원을 통해 얻을 수 있는 것으로는 어떤 게 있나요?

A: 축원은 「별바다 세계」의 새로운 기원 시스템으로, 「일반 축원」과 「이벤트 축원」으로 나뉩니다.

「일반 축원」에서는 초월(★4), 우수(★3), 희귀(★2) 아이템을 랜덤으로 획득할 수 있습니다. 이러한 아이템에는 세트 도면, 코스튬 도면, 상호작용 동작과 표정 등이 포함되어 있습니다.

「이벤트 축원」에서는 전설(★5)과 초월(★4) 코스튬 세트, 우수(★3) 코스튬 파츠를 랜덤으로 획득할 수 있습니다.

Q: 축원에서 얻을 수 있는 코스튬에는 어떤 파츠가 포함되어 있나요?

A:「이벤트 축원」에서 획득 가능한 ★5, ★4 코스튬은 모두 세트로 구성되어 있으며, 일반적으로 헤어, 상의, 하의 등의 풀세트로 이루어져 있습니다.

「일반 축원」에서 획득 가능한 ★4 코스튬 도면은 모두 세트 도면이며, 영롱한 재료와 함께 사용하면 상응하는 ★4 남성 또는 여성 코스튬 세트를 제작할 수 있습니다.

위에서 언급한 세트와 코스튬 파츠 외에도 다양한 방법으로 얼굴 화장(눈동자, 메이크업 등)을 얻을 수 있습니다. 「일반 축원」에서 코스튬 도면을 뽑아 상응하는 얼굴 화장을 제작할 수도 있고, 별바다 상점에서 직접 구매할 수도 있습니다.

Q: 「일반 축원」의 규칙은 어떻게 되어 있나요? 천장도 존재하나요?

A: 「일반 축원」에 사용되는 재화는 구현의 수정입니다. 현시점을 기준으로 구현의 수정은 주로 별바다 세계 레벨업, 천공 유람, 영롱한 재료 교환 등과 같은 게임 내에서의 활동을 통해 획득할 수 있습니다.

「일반 축원」의 ★4, ★3 아이템에는 천장이 존재합니다. 최대 70회 축원 이내에 ★4 아이템(즉 ★4 세트 도면)을 반드시 획득하며, 최대 축원 5회 이내에 반드시 ★3 이상의 아이템을 획득할 수 있습니다. 이때 ★4 아이템을 획득한 경우, 2회 미만으로 획득한 ★4 아이템을 우선적으로 획득하게 됩니다.

Q: 「이벤트 축원」의 규칙은 어떻게 되어 있나요? 천장도 존재하나요?

A:「이벤트 축원」에 사용되는 재화는 찬란한 쐐기석입니다.

「이벤트 축원」의 ★5, ★4 코스튬에는 천장이 존재합니다. 최대 70회 축원 이내에 ★5 코스튬을 반드시 획득하며, 최대 10회 기원 이내에 반드시 ★4 이상의 코스튬을 획득할 수 있습니다.

「이벤트 축원」 타입의 축원 횟수는 공유되어 「이벤트 축원」에 함께 누적됩니다. 다른 타입의 축원과는 축원 횟수가 따로 계산됩니다.

Q: 축원 횟수를 친구에게 선물할 수도 있나요? 그렇다면 조건은 무엇인가요? 또 그게 천장 계산에 영향을 미치나요?

「별바다 세계」 Lv.10 달성 및 친구 우정 3점 달성 시, 「이벤트 축원」 선물하기 기능이 개방됩니다. 코스튬 선물하기 모드에 진입하면 축원을 통해 획득한 모든 아이템이 지정한 친구에게 선물되며, 중복 아이템은 친구가 선물을 받은 후 중복 전환됩니다.

친구에게 선물해서 누적된 축원 횟수는 본인의 축원 횟수 및 천장 시스템과 별도로 계산됩니다. 즉, 친구에게 코스튬을 선물하기 위해 축원을 진행할 때, 해당 친구에게는 「이벤트 축원」 타입의 축원 횟수가 누적되나, 이는 본인의 축원 횟수에 영향을 미치지 않습니다. 또한 다른 친구에게 선물한 경우에는 「이벤트 축원」 타입의 축원 횟수가 친구마다 따로 계산되며, 서로에게 영향을 주지 않습니다

축원을 통해 코스튬을 선물받을 때에도 축원 횟수 및 천장 시스템에 상술한 규칙이 동일하게 적용되며, 코스튬을 선물 받는 횟수에는 제한이 없습니다.

Q: 코스튬을 중복으로 획득하면 재료로 전환되나요?

A: 「일반 축원」에서 획득하는 ★4 도면에는 다음과 같은 규칙이 적용됩니다.

처음 획득한 도면은 남성 코스튬 세트와 여성 코스튬 세트 중 하나를 선택해서 제작할 수 있습니다.

동일한 ★4 도면을 2번째 획득한 경우에는 전환이 일어나지 않으며, 영롱한 재료와 조합하면 해당 코스튬 세트를 제작할 수 있습니다.

동일한 ★4 도면을 3번째 이상 획득하면 해당 등급의 영롱한 재료로 전환됩니다.

(예시: ★4 도면을 처음 획득했을 때 여성 코스튬 세트를 제작했다면, 2번째 획득 시에는 남성 코스튬 세트를 제작할 수 있습니다. 3번째 이상 획득 시에는 해당 등급의 영롱한 재료로 전환됩니다.)

「일반 축원」에서 획득하는 ★3 및 ★2 아이템에는 다음과 같은 규칙이 적용됩니다.

동일한 ★3 또는 ★2 아이템을 2번째 이상 획득하면 해당 등급의 영롱한 재료로 전환됩니다.

「이벤트 축원」에서 획득하는 ★5 코스튬에는 다음과 같은 규칙이 적용됩니다.

동일한 ★5 코스튬을 2번째로 획득(축원, 상점 교환, 코스튬 선물 등 획득 방식과는 무관)하면 해당 ★5 코스튬의 승화 효과가 해금됩니다.

동일한 ★5 코스튬을 3번째 이상 획득하면 금빛 파편 1개로 전환됩니다. 금빛 파편은 해당 이벤트 축원 기간 동안 해당 이벤트 축원에서 획득 가능한 ★5 코스튬의 다른 성별 버전이나 찬란한 쐐기석 등으로 교환할 수 있습니다. 해당 버전이 종료되면 사용하지 않은 금빛 파편은 자동으로 일정량의 찬란한 쐐기석으로 전환됩니다.

(예시: 특정 여성 ★5 코스튬을 처음 획득한 후, 이를 2번째 획득 시 해당 여성 ★5 코스튬의 승화 효과가 해금되며, 3번째 이상 획득 시에는 금빛 파편으로 전환됩니다. 금빛 파편은 해당 ★5 코스튬의 남성 버전이나 찬란한 쐐기석 등으로 교환할 수 있습니다.)

「이벤트 축원」에서 획득하는 ★4 및 ★3 코스튬에는 다음과 같은 규칙이 적용됩니다.

「이벤트 축원」에서 동일한 ★4 또는 ★3 코스튬을 2번째 이후로 획득하면, 각각 다른 수량의 각인 파편으로 전환됩니다. 각인 파편은 코스튬, 찬란한 쐐기석 등으로 교환할 수 있습니다.

현시점을 기준으로 「이벤트 축원」은 「별인형·남성 코스튬 이벤트 축원」과 별인형·여성 코스튬 이벤트 축원」의 두 가지로 구분됩니다. 「별인형·남성 코스튬 이벤트 축원」에서 획득한 전설(★5) 및 초월(★4) 코스튬은 모두 별인형·남성 전용 코스튬이며, 우수(★3) 코스튬의 경우 별인형·남성 또는 별인형·여성의 코스튬일 수 있습니다. 「별인형·여성 코스튬 이벤트 축원」에서 획득한 전설(★5) 및 초월(★4) 코스튬은 모두 별인형·여성 전용 코스튬이며, 우수(★3) 코스튬의 경우 별인형·남성 또는 별인형·여성의 코스튬일 수 있습니다.

Q: 시공의 결정이란 무엇인가요?

A: 시공의 결정은 새로운 유료 재화로, 창세의 결정과는 별개의 재화입니다. 시공의 결정은 별바다 상점에서 코스튬을 구매하거나, 찬란한 쐐기석으로 교환하여 「이벤트 축원」을 진행할 수 있습니다.",https://account.universe.example,,,QNA-GSN-38
universe_qna_onlydaily,게임_문제,무선 컨트롤러 사용 관련 FAQ,"▌현재 버전의 컨트롤러 지원 정보
개인용 컴퓨터(PC)에서 지원하는 컨트롤러: Xbox 무선 컨트롤러, Xbox Elite 2세대, DualSense™ 무선 컨트롤러, DUALSHOCK®4 무선 컨트롤러

iOS 디바이스에서 지원하는 컨트롤러: Xbox 무선 컨트롤러, Xbox Elite 2세대, DUALSHOCK®4 무선 컨트롤러

안드로이드 디바이스에서 지원하는 컨트롤러: Xbox 무선 컨트롤러(안드로이드 9.0 이상), Xbox Elite 무선 컨트롤러 2세대(안드로이드 9.0 이상), DualSense™ 무선 컨트롤러(안드로이드 12.0 이상), DUALSHOCK®4 무선 컨트롤러(안드로이드 10.0 이상)

Q: iOS 디바이스에서는 컨트롤러를 어떻게 연결하나요?
A: iOS 디바이스에서는 일반적으로 블루투스 기능을 통해 컨트롤러를 연결합니다. 다음 링크의 내용을 참고하시면 수월하게 설정하실 수 있습니다.
PlayStation® 무선 컨트롤러:
Apple 기기에 PlayStation 무선 게임 컨트롤러 연결하기 - Apple 지원
https://support.universe.example

Xbox 무선 컨트롤러:
Apple 기기에 Xbox 무선 게임 컨트롤러 연결하기 - Apple 지원
https://support.universe.example

Q: PC에서는 컨트롤러를 어떻게 연결하나요?
A: PC에서는 두 가지 방법으로 컨트롤러를 연결할 수 있습니다.
① USB를 이용한 유선 연결
② 무선 연결(PC와 컨트롤러 모두 블루투스를 지원하거나 컨트롤러와 무선 어댑터를 함께 사용 필요). 게임을 시작하기 전에 컨트롤러를 PC에 연결해야 합니다.

다음 컨트롤러 연결 튜토리얼을 참고하시면 수월한 설정이 가능합니다.
Xbox Support(본문 내 「컨트롤러를 Windows 10/11 장치에 연결」을 펼쳐 참고)
https://support.universe.example

DualSense™ 무선 컨트롤러, DUALSHOCK®4 무선 컨트롤러:
DUALSHOCK 4 무선 컨트롤러를 PC와 Mac, Android, iOS 디바이스와 페어링하는 방법
https://support.universe.example
DualSense 무선 컨트롤러를 PC, Mac, Android, iOS 디바이스와 페어링하는 방법
https://support.universe.example

Q: 안드로이드 디바이스에서는 컨트롤러를 어떻게 연결하나요?
A: 안드로이드 디바이스에서는 블루투스 기능을 통해 컨트롤러를 연결할 수 있습니다. 자세한 사항은 아래의 링크를 참고해 주세요.
Xbox 무선 컨트롤러, Xbox Elite 무선 컨트롤러 2세대(「Android 장치에 페어링」 탭 참고):
https://support.universe.example

Q: 게임을 실행한 후 컨트롤러 모드로 변경해도 조작을 할 수 없는 이유는 무엇인가요?
A: 컨트롤러가 정확하게 연결되어 있고 PC가 이를 인식하고 있음에도 불구하고, 컨트롤러 모드로 변경한 후 컨트롤러를 통한 조작이 불가능한 경우에는 PC에 컨트롤러 조작을 방해하는 다른 소프트웨어가 존재할 수 있습니다(예: reWASD, XIM, Xinput plus, Steam 등 일부 컨트롤러 키 매핑 소프트웨어). 또는 지원되지 않는 컨트롤러를 사용하고 있을 수 있습니다.
만약 지원되는 컨트롤러를 사용 중인 경우, 컨트롤러의 작동을 방해할 수 있는 소프트웨어를 종료하고 게임을 재시작한 다음 컨트롤러 모드로 변경해보시기 바랍니다.

Q: PlayStation® 플랫폼 외에 현재 게임 내에서 진동 기능을 지원하는 컨트롤러는 어떤 것이 있나요? 그리고 그 기능을 설정하려면 어떻게 해야 하나요?
A: 현재 Xbox 무선 컨트롤러와 DualSense™ 무선 컨트롤러가 PC 기기에 유선으로 연결했을 때만 진동 기능을 지원하고 있습니다.
주의사항: Xbox 무선 컨트롤러를 사용하는 경우 진동 기능이 일부만 지원되며, PC에 유선으로 연결해야만 진동 기능을 활성화할 수 있습니다.
DualSense™ 무선 컨트롤러를 사용하는 경우, 진동 기능을 활성화하려면 다음 절차를 밟아야 합니다.
① 게임을 열기 전에 DualSense™ 무선 컨트롤러를 PC에 유선으로 연결해 주세요.
② 연결 후 무선 컨트롤러 사운드트랙을 설정해야 합니다: Windows 설정-시스템-소리-사운드 제어판-재생-「스피커 Wireless Controller」 우클릭-스피커 구성-[4 채널] 선택-다음-풀 레인지 스피커 모두 체크-다음-완료
③ 컨트롤러가 연결된 USB 포트를 변경할 때, 컨트롤러의 사운드트랙을 재설정하고 게임을 다시 시작해야 할 수 있습니다.
주의: 블루투스로 DualSense™ 무선 컨트롤러를 연결하면 진동 기능이 지원되지 않습니다. 컨트롤러의 진동 기능을 체험하려면 유선으로 연결해 사용해 주세요. 또한 DualSense™ 무선 컨트롤러의 스피커 사운드는 현재 지원되지 않습니다.

Q: 컨트롤러의 버튼 설정이나 카메라 감도는 어떻게 변경하나요?
A: 컨트롤러 모드로 변경한 후에 「설정 - 버튼」에서 버튼 설정을 변경할 수 있습니다. 카메라 감도는 「설정 - 제어」 화면에서 조정이 가능합니다.

Q: 현재 PC 클라이언트에서도 DualSense Edge™ 무선 컨트롤러를 지원하나요?
A: PC 클라이언트에서는 아직 DualSense Edge™ 무선 컨트롤러를 완벽하게 지원하고 있지 않습니다. 해당 사항은 향후 업데이트와 함께 개선될 예정입니다.",https://account.universe.example,,,QNA-GSN-39
universe_qna_onlydaily,게임_문제,「이나즈마」지역 관련 FAQ,"Q: 「번개 신의 눈동자 공명석」의 꽃잎이 모두 점등되지 않았는데 왜 장치가 해제되나요?

A: 모든 공명석의 점등된 꽃잎 수량을 일치시키면, 바로 장치를 해제할 수 있습니다.

Q: 어떻게 「번개의 결계」에 진입하나요?

A: 「번개 씨앗」을 보유하면 바로 「번개의 결계」에 진입할 수 있습니다.

Q: 만질 수 있는 검자루와 상호 작용을 했는데 왜 아무 반응이 없나요?

A: 「번개 씨앗」을 보유하고 상호 작용을 하면, 몬스터들이 나타납니다. 몬스터 처치 후 보상을 수령할 수 있습니다.

Q: 게임 플레이 중 잠시 자리를 비우고 난 후 파티 내 모든 캐릭터가 전투 불능이 되는 이유는 무엇입니까?

A: 이나즈마 일부 구역은 「번개 원소 농도」가 지나치게 높아 그 구역에 있으면 점차 HP를 잃게 됩니다. 이런 현상은 「번개 재앙」으로 불립니다. 번개 씨앗의 보호를 이용하면 「번개 재앙」의 피해를 막을 수 있습니다.

Q: 이나즈마 지역의 번개 신의 눈동자를 모두 수집했는데, 왜 신상은 최고 레벨이 안 될까요?

A: 후속 버전에서 이나즈마의 신규 지역이 개방될 예정이며, 더 많은 번개 신의 눈동자가 등장할 예정입니다. 기대해 주세요.",https://account.universe.example,,,QNA-GSN-40
universe_qna_onlydaily,게임_문제,「세상 여행」 FAQ,"Q: 일반 기원에서는 무기와 캐릭터가 동시에 나오나요?

A: 그렇습니다.
보다 자세히 말씀드리자면, ★4 및 ★5 아이템은 캐릭터와 무기가, ★3 아이템은 무기만 나옵니다.

Q: 일반 기원은 천장이 있나요? 또 다른 천장과 공유되나요?

A: 일반 기원에서는 10연차를 할 때마다 최소 1개의 ★4 이상의 아이템을 반드시 획득합니다.

★5 아이템의 기본 획득 확률은 0.60%이며, 총 획득 확률(천장 포함)은 1.60%입니다. 최대 90회 기원 시 ★5 아이템을 반드시 획득합니다.

★4 아이템의 기본 획득 확률은 5.10%이며, 총 획득 확률(천장 포함)은 13.00%입니다. 최대 10회 기원 시 ★4 이상 아이템을 반드시 획득합니다.

일반 기원의 기원 횟수는 일반 기원에만 누적되며, 다른 기원과는 기원 횟수가 따로 계산됩니다.

Q: 어떤 상황일 때 신규 아이템이 일반 기원에 추가되는 건가요?

A: 일반 기원 아이템이 업데이트될 경우, 공지를 통해 안내해 드릴 예정입니다.

Q: 신규 아이템이 일반 기원에 추가되면 획득 확률은 어떻게 계산되나요?

A: 일반 기원 아이템이 업데이트될 경우, 공지를 통해 관련 확률 규칙을 안내해 드릴 예정입니다.

Q: 왜 기존에 진행했었던 기원 기록을 확인할 수 없는 건가요?

A: 게임 내 기원 화면의 [뽑기 기록]에서 최근 1년 동안의 기원 기록을 확인할 수 있습니다. 1년을 초과한 기록은 조회할 수 없으나, 이는 기원 진행 및 천장 계승에 영향을 미치지 않습니다.",https://account.universe.example,,,QNA-GSN-41
universe_qna_onlydaily,게임_문제,「모험 수련」 관련 FAQ,"Q: 수련 포인트는 어떻게 해야 획득할 수 있나요?

A: 아래 방법으로 수련 포인트를 획득할 수 있습니다.

임무: 마신 임무, 전설 임무, 월드 임무를 완료하거나 초대 이벤트를 첫 완료해 획득

수집: 잃어버린 신의 눈동자, 진홍의 옥수, 유명 수정석, 맑은 빛의 깃털 등을 수집해 획득

보물상자: 탐사 시 각종 보물상자를 열어서 획득

이벤트: 각 버전 이벤트에 참여해 획득 (출석체크 등 혜택 이벤트 제외)",https://account.universe.example,,,QNA-GSN-42
universe_qna_onlydaily,게임_문제,「층암거연」 지역 관련 FAQ,"Q: 왜 「천년 천암」 임무를 진행할 때 카메라가 보여 준 곳에서 「건배의 잔」을 찾을 수 없나요?

A: 가이드 카메라가 보여 준 건 월드 임무 「아무도 모르게 적진 잠입」의 수령 위치입니다. 월드 임무 「아무도 모르게 적진 잠입」을 체험하면 「건배의 잔」을 획득할 수 있습니다.

Q: 층암거연 지역에 있는 인장이 있는 돌들은 어떻게 제거하나요?

A: 폭발이나 둔기로 특이한 바위기둥을 타격하면 「공진」 충격파가 발생합니다. 단시간 내에 돌에 세겨진 인장의 수량 만큼의 충격파를 받으면 파괴됩니다.

Q: 왜 속이 비어 있는 바위 기둥은 공진을 일으키지 않나요?

A: 속이 비어 있는 바위 기둥은 바위의 씨앗으로 채워야 「공진」을 일으킬 수 있습니다.

Q: 원소 시야로 바위 벽이 빛나는 걸 발견했는데, 어째서 바위 원소 공격이나 폭발로 파괴할 수 없나요?

A: 해당 벽은 월드에 있는 아이템을 활용해서 파괴할 수 있습니다. 예를 들어 벽 근처에 있는 바위 원소 폭약통 폭파, 바위 원소 폭탄 열매 기폭, 「개산포」 등으로 파괴할 수 있습니다.

Q: 왜 결정탄은 반건을 맞힐 수 없나요?

A: 다른 고도에 있는 새장 모양 「바위 원소」 폴리머를 공격해보세요. 공격 방향은 반건을 마주해야 합니다.

Q: 왜 바위의 씨앗을 발사할 수 없나요?

A: 먼저 층암거연 입구에서 월드 임무 「칠성 몰래 반건 해결」을 수령하고 모험가 지경의 의뢰를 완료했는지 확인 바랍니다. 그리고 새장 모양 「바위 원소」 폴리머는 바위 씨앗의 에너지를 받으면 발사할 수 있습니다. 주의: 활로는 활성화 시킬 수 없으니 다른 무기로 활성화 바랍니다. 만약 새장 모양 「바위 원소」 폴리머가 공중에 떠 있으면 근처를 관찰해서 접근할 수 있는 장치를 찾아보시기 바랍니다.

Q: 어떻게 층암거연·지하 광구에 있는 「검은 진흙」을 제거할 수 있나요?

A: 일부 검은 진흙 주변에는 「진흙 분출구」가 있습니다. 「유명석 촉매」의 「순광 방사」를 사용하면 「진흙 분출구」를 파괴하고 검은 진흙을 제거할 수 있습니다. 「진흙 분출구」는 저마다 강도가 다르며 상응하는 레벨을 달성한 「유명석 촉매」의 「순광 방사」로만 상응하는 강도의 분출구를 파괴할 수 있습니다.

Q: 층암거연·지하 광구에 있는 공기 왜곡 현상은 뭔가요?

A: 광부들이 가장 두려워하는 가연성 기체입니다. 불 원소나 번개 원소를 만나면 폭발합니다. 바람 원소로 일시적으로 날려버릴 수 있습니다.

Q: 층암거연·지하 광구 지역 지도에 있는 파란 원은 뭔가요?

A: 「유명석 촉매」가 일정 레벨을 달성하면 순광 방사를 시전 할 때마다 자동으로 지도에서 수집 가능한 「유명석」을 검색합니다. 파란 원은 「유명석」이 있는 범위입니다.

Q: 분명히 유적의 뱀과 싸우기 전에 유명석 에너지가 가득 차있었는데, 왜 전투를 시작하면 2칸 밖에 남지 않은 건가요?

A: 전투 중에 노란색 광석을 파괴해서 「유명석 촉매」의 에너지를 보충할 수 있습니다.",https://account.universe.example,,,QNA-GSN-43
universe_qna_onlydaily,게임_문제,「솜씨 시험」 FAQ,"Q: 아직 이번 솜씨 시험 캐릭터의 체험 스테이지를 클리어하지 않았는데 왜 보상을 수령할 수 있는 건가요?

A: 기존에 열렸던 솜씨 시험 이벤트에서 이미 특정 캐릭터의 체험 스테이지를 클리어했고, 해당 캐릭터를 보유하고 있을 경우 솜씨 시험 보상을 바로 수령할 수 있습니다.",https://account.universe.example,,,QNA-GSN-44
universe_qna_onlydaily,게임_문제,「츠루미」 지역 월드 임무 관련 FAQ,"Q: 월드 임무 「안개 바다 기행」은 어떻게 받나요?

A: 여행자는 월드 임무 「세이라이 번개 추적기」 클리어 후 월드 임무 「안개 바다 기행」를 받을 수 있습니다

Q: 월드 임무 「마우시로의 선율」의 임무 목표 '잃어버린 「돌덩이」 찾기'에서 계속 안개에 의해 시작점으로 돌아와요

A: 번개 원소 스킬을 사용해 「츠루미」의 짙은 안개 지역의 「뇌석」을 밝혀야만 안갯속에서 앞으로 나아갈 수 있습니다

Q: 월드 임무 「안개바다와 나무의 제전」에서 「서목(栖木)」의 흩어진 에너지는 총 몇 개가 있고 또 어떻게 찾나요?

A: 「서목(栖木)」마다 흩어진 에너지는 총 6개가 있습니다. 여행자는 원소 시야를 이용해 흩어진 에너지가 있는 방향을 찾을 수 있습니다

Q: 월드 임무 「안개바다와 나무의 제전」에서 흩어진 에너지 6개를 찾았는데 왜 다음 임무 목표가 발동되지 않나요?

A: 흩어진 에너지 6개를 모두 찾았을 경우 서목(栖木)이 있는 곳으로 돌아가 서목을 다시 공격하면 다음 임무 목표가 발동됩니다

Q: 첫째 날의 「안개 바다 기행」 임무를 클리어해서 츠루미의 안개가 걷혔는데, 왜 이튿날에 또 안개가 생겨난 건가요?

A: 「안개 바다 기행」 관련 임무 진행 시 「츠루미」의 안개는 새벽 4시(UTC+8)에 자동으로 초기화됩니다. 여행자가 모든 「안개 바다 기행」 관련 임무를 클리어해야만 「츠루미」의 안개가 완전히 사라집니다",https://account.universe.example,,,QNA-GSN-45
universe_qna_onlydaily,게임_문제,「초대 이벤트」 전설 임무 FAQ,"Q: 매번 「초대 이벤트」 임무에 도전할 때 처음부터 다시 도전해야 하나요?

A: 아니요. 해당 캐릭터의 「전설 임무」 - 「초대 이벤트」 화면에서 원하는 분기점을 선택할 수 있으며, 해당 분기점부터 임무를 계속 진행하실 수 있습니다.",https://account.universe.example,,,QNA-GSN-46
universe_qna_onlydaily,게임_문제,비경,"맵을 열고 지도 왼쪽 하단의 「비경만 보기」 클릭, 비경 아이콘을 클릭하면 해당 비경에 대한 설명을 확인할 수 있습니다.
비경 입구에서 현재 비경의 다인 모드 도전 가능 여부를 확인하실 수 있습니다.",https://account.universe.example,,,QNA-GSN-47
universe_qna_onlydaily,게임_문제,「연하궁」 지역 관련 FAQ,"Q: 버전을 업데이트했는데 왜 「고요한 물의 흐름」 임무를 받을 수 없나요?

A: 여행자는 「월광욕 연못」 시리즈 월드 임무 클리어 후 「고요한 물의 흐름」 임무를 받으실 수 있습니다. 「월광욕 연못」 시리즈 임무는 아래 임무를 포함합니다: 「와타츠미의 눈」, 「와타츠미의 이빨」, 「와타츠미의 지느러미」, 「와타츠미의 꼬리」, 「와타츠미의 심장」

Q: 왜 임무를 수락했는데 「영원의 정령」이 보이지 않나요?

A: 「영원의 정령」은 「상야」에만 나타납니다. 「주야」를 바꾼 뒤에 찾아보세요

Q: 왜 제 몸의 「정화의 예배처」 에너지가 사용하지 않은 상태에서도 사라지는 건가요?

A: 「정화의 예배처」의 에너지는 3가지 상황에서 회수됩니다:
1. 「정화의 예배처」에서 일정 거리 이상 떨어질 경우
2. 워프 포인트로 워프할 경우
3. 일정 시간 동안 사용하지 않을 경우
에너지 회수 후 여행자는 「정화의 예배처」로 돌아가 에너지를 다시 획득할 수 있습니다.

Q: 왜 지도상의 수많은 수수께끼 장치를 발동할 수 없는 건가요?

A: 연하궁은 햇빛이 들지 않아 낮과 밤의 구분이 없습니다. 대신 「백야」와 「상야」로 구별합니다. 연하궁에는 「백야」와 「상야」의 전환을 통해 활성화되는 장치들이 있습니다.

Q: 왜 획득한 「건문」이 수수께끼 도안을 해제하기에 부족한 건가요?

A: 연하궁의 「건문」 도안은 총 다섯 가지가 있습니다. 열쇠 하나에 자물쇠 하나가 세트인 것처럼, 건문 또한 상응하는 도안의 봉인만 해제할 수 있습니다. 여행자는 도안의 봉인 해제 시 각각의 「건문」을 어떻게 사용할지 잘 생각해 보세요.",https://account.universe.example,,,QNA-GSN-48
universe_qna_onlydaily,게임_문제,월드 레벨/모험 등급 관련 FAQ,"Q: 모험 경력이 초과되었는데 모험 등급이 올라가지 않습니다. 이유가 뭔가요?
A: 모험 등급 Lv.25/Lv.35/Lv.45/Lv.50/Lv.58을 달성할 때마다 임무 리스트에 자동으로 모험 등급 돌파 임무가 나타나고, 돌파 임무를 완료해야 계속해서 모험 등급을 레벨업할 수 있습니다. 초과된 모험 경력은 일단 저장되었다가 돌파 임무를 완료한 이후에 적용됩니다. 임무 리스트에 해당 임무가 나타나지 않을 경우에는 먼저 모험가 길드의 캐서린을 방문하여 이미 달성한 모험 등급 보상을 수령해 보시기 바랍니다.

Q: 모험 등급 Lv.60 달성 후 모험 경력이 추가로 발생할 때는 어떻게 하나요?
A: 모험 등급 Lv.60 달성 후 획득한 모험 경력은 일정한 비율로 모라로 전환됩니다(전환 비율: 모험 경력 1= 모라 10)

Q. 월드 레벨은 어떻게 내릴 수 있나요?
A: 월드 레벨 Lv.3에 도달한 후 일상이 화면-월드 레벨 옆의 「i」 버튼-월드 레벨 하향을 통하여 월드 레벨을 1단계 하향 조정할 수 있습니다.

Q: 월드 레벨을 하향한 후 어떻게 복원할 수 있나요?
A: 월드 레벨 하향 후 24시간이 지난 뒤에 일상이 화면 -월드 레벨 옆의 「i」 버튼을 통하여 월드 레벨을 복원할 수 있습니다. 월드 레벨 하향 및 복원 등 월드 레벨 조정 후 24시간 동안은 다시 조정하실 수 없습니다.",https://account.universe.example,,,QNA-GSN-49
universe_qna_onlydaily,게임_문제,지맥의 꽃,"지맥 입구 근처에는 지맥의 꽃이 피어납니다. 도전을 완료하고 퓨어 레진을 사용하면 육성 소재, 모라 등 각종 보상을 획득할 수 있습니다.",https://account.universe.example,,,QNA-GSN-50
universe_qna_onlydaily,클라이언트_문제,"버그, 튕김 관련 FAQ","Q: 게임에서 튕기는 현상으로 고객센터에 문의하려는데 output_log.txt 및 DriverError.log 파일을 제출하라고 합니다. 이 파일은 어디에 저장되나요?

A: ① output_log.txt 및 output_log.txt.last 저장 경로:
C:\Users\xxx\AppData\LocalLow\Universe\Daily
(xxx는 컴퓨터 사용자명)

또는 파일 탐색기에 아래 경로를 복사하여 검색 바랍니다.
%USERPROFILE%\AppData\LocalLow\Universe\Daily

② DriverError.log 위치:
게임 설치 목록의 Universe\Daily Game 파일에서 찾으실 수 있습니다.

Q: 게임을 켜자마자 튕기는데 어떡해야 하나요?

A: 하단의 관련 FAQ 중 '일상을 지원하는 기종은?'을 참고하여 사용 중인 디바이스가 지원 범위에 있는지 확인하시기 바랍니다.
지원하는 디바이스일 경우, 아래의 방법을 시도해 주시기 바랍니다.
① 안정적인 네트워크 환경에서 게임 설치 파일을 다시 다운로드합니다.
② 모바일 버전의 경우 디바이스가 공식 배포된 정식 버전 운영체제를 사용하고 있는지 확인합니다.
③ PC 버전의 경우 그래픽카드 드라이버를 업데이트합니다. 클린 설치 또는 이전 드라이버를 완전히 삭제한 후 최신 버전 드라이버를 설치하기를 권장합니다.
상기 방법을 통해서 문제가 해결되지 않을 경우, PC 버전 사용자는 문제 발생 시의 [output_log.txt] 및 [DriverError.log] 파일을 첨부하고 정확한 문제 발생 시간을 명시하여 고객센터로 문의 바랍니다. 모바일 버전 사용자는 문제를 겪은 디바이스를 사용해 고객센터로 문의 바랍니다.

Q: 게임 로딩 게이지가 바위 원소 아이콘에서 멈추는데 어떡해야 하나요?

A: ① PC: 그래픽카드 드라이버 업데이트를 시도해 보시기 바랍니다. 클린 설치 또는 이전 드라이버를 완전히 삭제한 후 최신 버전 드라이버를 설치하기를 권장합니다.
② 안드로이드: 조금만 더 기다려 주세요.
③ 더 안정적이고 빠른 네트워크 환경에서 재접속해 주세요.
상기 방법을 통해서 문제가 해결되지 않을 경우, PC 버전 사용자는 문제 발생 시의 [output_log.txt] 및 dmp 파일을 첨부하여 고객센터로 문의 바랍니다. 모바일 버전 사용자는 문제를 겪은 디바이스를 사용해 고객센터로 문의 바랍니다.
output_log.txt 및 output_log.txt.last 저장 경로:

dmp 파일 저장 경로:
%USERPROFILE%\AppData\Local\Temp\
해당 파일에서 universecrash로 시작되는 이름의 파일을 모두 압축하여 첨부해 주세요.

Q: PC 버전 실행 시, 시각 경고 화면에서 넘어가지 않고 프로그램이 응답하지 않는다는 팝업창이 뜹니다.

A: ① 그래픽카드 드라이버 업데이트를 시도해 보시기 바랍니다. 클린 설치 또는 이전 드라이버를 완전히 삭제한 후 최신 버전 드라이버를 설치하기를 권장합니다.
② 외부 연결 장치가 있을 경우 모든 외부 장치의 연결을 해제한 후 다시 시도해 주시기 바랍니다.

상기 방법을 통해서 문제가 해결되지 않을 경우, 문제 발생 시의 [output_log.txt] 파일을 첨부하여 고객센터로 문의 바랍니다.

Q: 월드 임무 진행 도중 튕기는 현상이 발생하는데 어떡해야 하나요?

지원하는 디바이스이며 해당 문제가 게임을 일정 시간 플레이했을 때 간헐적으로 발생하는 현상일 경우, 그래픽 품질 하향 조정, 게임 재실행, 백그라운드 프로세스 종료 등을 통해 디바이스의 메모리 부하를 낮춰주시기 바랍니다.
만약 해당 문제가 게임 플레이 도중 빈번하게 발생하는 현상일 경우, PC 버전 사용자는 문제 발생 시의 [output_log.txt] 파일을 첨부하여 고객센터로 문의 바랍니다. 모바일 버전 사용자는 문제를 겪은 디바이스를 사용해 고객센터로 문의 바랍니다.",https://account.universe.example,,,QNA-GSN-51
universe_qna_onlydaily,클라이언트_문제,기기 하나로 계정 여러 개를 플레이할 수 있나요?,현재 한 기기로 여러 개의 계정을 동시 접속할 수 없습니다,https://account.universe.example,,,QNA-GSN-52
universe_qna_onlydaily,클라이언트_문제,왜 접속이 끊기나요?,네트워크가 안정적인지 확인(네트워크 환경 변경 시도 가능)하시고 서버 상태를 확인해 주세요. 만약 문제를 해결할 수 없다면 [문제 피드백] 에서 문제를 보고해 주세요.,https://account.universe.example,,,QNA-GSN-53
universe_qna_onlydaily,클라이언트_문제,왜 인터넷에 연결하여 게임을 플레이해야 하나요?,일상의 게임 진행도는 네트워크 연결을 통해 실시간으로 서버에 저장됩니다,https://account.universe.example,,,QNA-GSN-54




